525.0 90.0 -3777.0
492.0 80.0 -3795.0
465.0 65.0 -3800.0
467.0 42.0 -3757.0
492.0 70.0 -3740.0
512.0 75.0 -3752.0
515.0 65.0 -3740.0
502.0 60.0 -3810.0
472.0 65.0 -3767.0
477.0 80.0 -3772.0
530.0 92.0 -3762.0
497.0 70.0 -3782.0
535.0 60.0 -3790.0
497.0 85.0 -3782.0
472.0 80.0 -3772.0
497.0 75.0 -3790.0
550.0 45.0 -3735.0
560.0 92.0 -3752.0
492.0 85.0 -3795.0
502.0 85.0 -3762.0
512.0 75.0 -3795.0
530.0 90.0 -3787.0
445.0 70.0 -3800.0
507.0 80.0 -3825.0
515.0 85.0 -3767.0
525.0 80.0 -3805.0
520.0 60.0 -3762.0
497.0 75.0 -3767.0
525.0 90.0 -3787.0
515.0 85.0 -3752.0
487.0 80.0 -3790.0
487.0 70.0 -3767.0
312.0 50.0 -3795.0
472.0 37.0 -3757.0
567.0 17.0 -3800.0
535.0 55.0 -3772.0
530.0 27.0 -3772.0
520.0 7.0 -3827.0
492.0 37.0 -3837.0
540.0 7.0 -3857.0
472.0 2.0 -3790.0
562.0 42.0 -3827.0
545.0 2.0 -3800.0
525.0 45.0 -3805.0
525.0 65.0 -3865.0
512.0 12.0 -3847.0
507.0 12.0 -3847.0
467.0 22.0 -3875.0
535.0 12.0 -3825.0
535.0 0.0 -3815.0
350.0 92.0 -3825.0
355.0 117.0 -3762.0
335.0 102.0 -3790.0
260.0 92.0 -3757.0
317.0 107.0 -3795.0
297.0 107.0 -3777.0
297.0 90.0 -3782.0
322.0 97.0 -3800.0
440.0 160.0 -3825.0
450.0 150.0 -3837.0
497.0 132.0 -3815.0
492.0 140.0 -3787.0
502.0 127.0 -3762.0
530.0 132.0 -3820.0
520.0 137.0 -3800.0
450.0 102.0 -3735.0
487.0 107.0 -3772.0
467.0 145.0 -3787.0
482.0 92.0 -3790.0
502.0 92.0 -3810.0
507.0 92.0 -3782.0
467.0 112.0 -3815.0
487.0 117.0 -3767.0
450.0 122.0 -3782.0
520.0 107.0 -3735.0
492.0 102.0 -3777.0
455.0 102.0 -3810.0
507.0 122.0 -3795.0
525.0 140.0 -3777.0
512.0 107.0 -3777.0
515.0 102.0 -3777.0
487.0 102.0 -3782.0
520.0 102.0 -3752.0
515.0 92.0 -3787.0
507.0 97.0 -3790.0
477.0 90.0 -3790.0
467.0 155.0 -3782.0
535.0 112.0 -3772.0
477.0 102.0 -3762.0
540.0 160.0 -3782.0
515.0 150.0 -3782.0
482.0 102.0 -3810.0
482.0 112.0 -3800.0
515.0 117.0 -3715.0
497.0 132.0 -3767.0
520.0 102.0 -3787.0
487.0 90.0 -3735.0
502.0 97.0 -3772.0
460.0 85.0 -3750.0
512.0 97.0 -3790.0
302.0 132.0 -3837.0
287.0 107.0 -3810.0
382.0 160.0 -3735.0
282.0 127.0 -3787.0
292.0 127.0 -3777.0
282.0 160.0 -3820.0
287.0 150.0 -3800.0
335.0 140.0 -3757.0
307.0 160.0 -3800.0
330.0 170.0 -3842.0
302.0 132.0 -3772.0
292.0 117.0 -3805.0
312.0 132.0 -3787.0
322.0 137.0 -3750.0
322.0 155.0 -3795.0
297.0 122.0 -3752.0
297.0 132.0 -3790.0
307.0 140.0 -3815.0
292.0 160.0 -3790.0
282.0 137.0 -3795.0
265.0 122.0 -3782.0
275.0 145.0 -3790.0
255.0 145.0 -3762.0
297.0 137.0 -3772.0
312.0 155.0 -3810.0
302.0 160.0 -3795.0
302.0 140.0 -3790.0
345.0 165.0 -3787.0
317.0 170.0 -3790.0
345.0 145.0 -3800.0
292.0 137.0 -3832.0
312.0 160.0 -3782.0
360.0 185.0 -3762.0
297.0 127.0 -3787.0
282.0 145.0 -3787.0
325.0 175.0 -3745.0
312.0 140.0 -3777.0
280.0 145.0 -3767.0
282.0 140.0 -3745.0
302.0 145.0 -3790.0
255.0 145.0 -3815.0
292.0 107.0 -3787.0
292.0 145.0 -3767.0
275.0 132.0 -3745.0
360.0 150.0 -3787.0
355.0 175.0 -3790.0
312.0 160.0 -3782.0
282.0 145.0 -3782.0
235.0 132.0 -3782.0
250.0 127.0 -3772.0
302.0 202.0 -3772.0
280.0 170.0 -3735.0
207.0 150.0 -3787.0
227.0 165.0 -3852.0
245.0 170.0 -3777.0
287.0 170.0 -3787.0
312.0 202.0 -3787.0
287.0 170.0 -3740.0
322.0 187.0 -3720.0
202.0 150.0 -3757.0
245.0 150.0 -3825.0
217.0 140.0 -3787.0
235.0 165.0 -3795.0
217.0 165.0 -3810.0
187.0 132.0 -3777.0
232.0 165.0 -3767.0
232.0 175.0 -3782.0
232.0 160.0 -3745.0
197.0 165.0 -3757.0
175.0 140.0 -3762.0
212.0 137.0 -3762.0
235.0 150.0 -3762.0
232.0 180.0 -3757.0
227.0 185.0 -3745.0
217.0 165.0 -3767.0
245.0 187.0 -3790.0
255.0 192.0 -3762.0
250.0 185.0 -3750.0
287.0 222.0 -3735.0
240.0 180.0 -3772.0
270.0 180.0 -3762.0
260.0 217.0 -3735.0
232.0 180.0 -3805.0
232.0 180.0 -3820.0
275.0 202.0 -3795.0
255.0 187.0 -3752.0
260.0 155.0 -3730.0
275.0 202.0 -3735.0
187.0 145.0 -3790.0
207.0 140.0 -3790.0
255.0 180.0 -3757.0
222.0 140.0 -3725.0
265.0 170.0 -3757.0
227.0 170.0 -3815.0
250.0 202.0 -3805.0
217.0 175.0 -3790.0
275.0 212.0 -3767.0
297.0 207.0 -3740.0
240.0 165.0 -3777.0
212.0 137.0 -3750.0
235.0 212.0 -3740.0
227.0 265.0 -3777.0
202.0 207.0 -3762.0
222.0 217.0 -3757.0
187.0 192.0 -3777.0
212.0 245.0 -3752.0
180.0 192.0 -3762.0
202.0 232.0 -3702.0
180.0 207.0 -3730.0
187.0 222.0 -3782.0
227.0 212.0 -3720.0
165.0 192.0 -3730.0
165.0 185.0 -3790.0
212.0 207.0 -3827.0
207.0 185.0 -3800.0
222.0 235.0 -3805.0
212.0 192.0 -3772.0
212.0 235.0 -3782.0
170.0 155.0 -3787.0
202.0 175.0 -3837.0
270.0 227.0 -3782.0
232.0 207.0 -3767.0
197.0 170.0 -3790.0
187.0 202.0 -3800.0
217.0 187.0 -3800.0
185.0 180.0 -3820.0
207.0 212.0 -3795.0
222.0 192.0 -3757.0
222.0 235.0 -3757.0
217.0 192.0 -3767.0
212.0 185.0 -3772.0
207.0 175.0 -3800.0
197.0 170.0 -3800.0
170.0 175.0 -3800.0
185.0 160.0 -3762.0
185.0 180.0 -3820.0
187.0 202.0 -3772.0
197.0 202.0 -3740.0
160.0 145.0 -3740.0
192.0 187.0 -3757.0
222.0 187.0 -3757.0
185.0 187.0 -3762.0
217.0 185.0 -3782.0
202.0 192.0 -3767.0
222.0 202.0 -3805.0
217.0 255.0 -3777.0
232.0 207.0 -3795.0
202.0 185.0 -3692.0
185.0 212.0 -3772.0
275.0 235.0 -3777.0
180.0 265.0 -3725.0
180.0 245.0 -3740.0
160.0 245.0 -3750.0
170.0 260.0 -3745.0
160.0 270.0 -3720.0
175.0 265.0 -3720.0
160.0 240.0 -3720.0
170.0 227.0 -3757.0
187.0 245.0 -3752.0
187.0 270.0 -3740.0
140.0 232.0 -3707.0
137.0 235.0 -3757.0
137.0 222.0 -3782.0
165.0 260.0 -3767.0
175.0 240.0 -3750.0
150.0 217.0 -3757.0
175.0 282.0 -3750.0
150.0 202.0 -3752.0
150.0 217.0 -3750.0
180.0 217.0 -3757.0
175.0 282.0 -3772.0
155.0 212.0 -3757.0
155.0 207.0 -3757.0
150.0 245.0 -3735.0
175.0 212.0 -3730.0
197.0 240.0 -3772.0
180.0 287.0 -3707.0
175.0 212.0 -3725.0
180.0 245.0 -3725.0
180.0 232.0 -3730.0
180.0 240.0 -3735.0
140.0 240.0 -3787.0
170.0 282.0 -3772.0
150.0 250.0 -3715.0
145.0 250.0 -3715.0
175.0 235.0 -3745.0
155.0 207.0 -3715.0
165.0 207.0 -3757.0
140.0 202.0 -3730.0
137.0 212.0 -3767.0
150.0 207.0 -3725.0
180.0 227.0 -3735.0
150.0 222.0 -3740.0
170.0 207.0 -3745.0
165.0 240.0 -3752.0
187.0 245.0 -3767.0
150.0 245.0 -3767.0
180.0 217.0 -3752.0
165.0 275.0 -3725.0
175.0 222.0 -3750.0
160.0 302.0 -3787.0
102.0 280.0 -3707.0
127.0 265.0 -3715.0
137.0 287.0 -3702.0
122.0 280.0 -3715.0
122.0 282.0 -3757.0
137.0 270.0 -3762.0
160.0 312.0 -3707.0
140.0 280.0 -3707.0
155.0 280.0 -3777.0
137.0 250.0 -3750.0
80.0 197.0 -3795.0
92.0 217.0 -3750.0
102.0 212.0 -3772.0
117.0 260.0 -3777.0
107.0 250.0 -3772.0
132.0 255.0 -3795.0
117.0 245.0 -3750.0
102.0 217.0 -3757.0
85.0 232.0 -3782.0
107.0 240.0 -3800.0
137.0 292.0 -3762.0
127.0 260.0 -3767.0
102.0 240.0 -3745.0
127.0 287.0 -3757.0
140.0 282.0 -3772.0
112.0 287.0 -3740.0
102.0 275.0 -3725.0
117.0 282.0 -3757.0
107.0 280.0 -3745.0
92.0 250.0 -3730.0
112.0 245.0 -3795.0
97.0 255.0 -3767.0
97.0 240.0 -3745.0
132.0 275.0 -3750.0
117.0 245.0 -3745.0
112.0 260.0 -3750.0
132.0 235.0 -3767.0
90.0 222.0 -3772.0
145.0 280.0 -3787.0
117.0 235.0 -3782.0
107.0 265.0 -3752.0
90.0 227.0 -3745.0
112.0 270.0 -3777.0
97.0 240.0 -3772.0
112.0 250.0 -3767.0
132.0 280.0 -3772.0
140.0 265.0 -3757.0
112.0 280.0 -3762.0
112.0 250.0 -3707.0
97.0 350.0 -3735.0
70.0 325.0 -3787.0
50.0 282.0 -3702.0
65.0 307.0 -3720.0
70.0 302.0 -3745.0
65.0 330.0 -3752.0
70.0 360.0 -3740.0
90.0 360.0 -3687.0
60.0 317.0 -3707.0
92.0 335.0 -3752.0
85.0 355.0 -3767.0
80.0 297.0 -3767.0
65.0 325.0 -3712.0
65.0 345.0 -3697.0
65.0 307.0 -3697.0
60.0 292.0 -3712.0
60.0 330.0 -3707.0
107.0 297.0 -3730.0
85.0 317.0 -3795.0
75.0 297.0 -3715.0
75.0 297.0 -3712.0
70.0 312.0 -3745.0
80.0 302.0 -3720.0
102.0 312.0 -3750.0
92.0 312.0 -3730.0
90.0 317.0 -3762.0
97.0 292.0 -3745.0
80.0 302.0 -3752.0
80.0 292.0 -3735.0
80.0 307.0 -3745.0
70.0 340.0 -3730.0
70.0 312.0 -3702.0
75.0 345.0 -3740.0
112.0 317.0 -3772.0
60.0 312.0 -3712.0
55.0 282.0 -3702.0
75.0 335.0 -3712.0
85.0 292.0 -3772.0
90.0 345.0 -3735.0
92.0 345.0 -3740.0
75.0 317.0 -3745.0
75.0 297.0 -3740.0
92.0 350.0 -3712.0
92.0 355.0 -3735.0
97.0 325.0 -3762.0
90.0 280.0 -3707.0
80.0 275.0 -3745.0
75.0 280.0 -3725.0
92.0 317.0 -3752.0
80.0 260.0 -3735.0
2.0 455.0 -3687.0
12.0 482.0 -3697.0
60.0 350.0 -3762.0
17.0 365.0 -3720.0
2.0 317.0 -3777.0
12.0 292.0 -3810.0
7.0 335.0 -3790.0
2.0 330.0 -3772.0
2.0 307.0 -3725.0
17.0 340.0 -3757.0
37.0 307.0 -3795.0
27.0 325.0 -3745.0
17.0 317.0 -3757.0
27.0 370.0 -3745.0
32.0 350.0 -3767.0
45.0 317.0 -3800.0
27.0 292.0 -3795.0
32.0 377.0 -3795.0
17.0 355.0 -3767.0
17.0 312.0 -3772.0
7.0 360.0 -3757.0
42.0 312.0 -3795.0
7.0 292.0 -3767.0
12.0 302.0 -3750.0
17.0 292.0 -3745.0
45.0 307.0 -3697.0
32.0 292.0 -3735.0
42.0 307.0 -3660.0
22.0 292.0 -3650.0
12.0 335.0 -3650.0
27.0 250.0 -3740.0
32.0 317.0 -3712.0
2.0 312.0 -3702.0
17.0 325.0 -3702.0
7.0 302.0 -3735.0
12.0 297.0 -3715.0
17.0 282.0 -3735.0
7.0 322.0 -3697.0
45.0 287.0 -3707.0
32.0 275.0 -3692.0
7.0 297.0 -3677.0
7.0 302.0 -3725.0
42.0 317.0 -3677.0
55.0 325.0 -3707.0
7.0 370.0 -3787.0
37.0 287.0 -3725.0
27.0 312.0 -3687.0
37.0 287.0 -3745.0
22.0 322.0 -3720.0
2.0 412.0 -3707.0
-75.0 450.0 -3707.0
-75.0 467.0 -3687.0
-70.0 482.0 -3740.0
-80.0 502.0 -3707.0
-55.0 472.0 -3712.0
-70.0 425.0 -3707.0
-45.0 417.0 -3682.0
-50.0 425.0 -3712.0
-45.0 412.0 -3712.0
-45.0 397.0 -3707.0
-60.0 430.0 -3697.0
-42.0 420.0 -3745.0
-45.0 417.0 -3720.0
-60.0 460.0 -3707.0
-37.0 425.0 -3720.0
-60.0 450.0 -3707.0
-60.0 445.0 -3725.0
-45.0 402.0 -3712.0
-37.0 440.0 -3675.0
-70.0 435.0 -3707.0
-22.0 450.0 -3665.0
-22.0 407.0 -3660.0
-37.0 435.0 -3655.0
-45.0 412.0 -3687.0
-37.0 430.0 -3725.0
-42.0 402.0 -3692.0
-50.0 430.0 -3707.0
-27.0 417.0 -3637.0
-50.0 417.0 -3675.0
-2.0 417.0 -3720.0
-42.0 430.0 -3730.0
-17.0 425.0 -3697.0
-75.0 435.0 -3670.0
-65.0 467.0 -3677.0
-60.0 445.0 -3707.0
-70.0 417.0 -3692.0
-80.0 467.0 -3715.0
-22.0 450.0 -3730.0
-55.0 487.0 -3692.0
-42.0 492.0 -3687.0
-55.0 430.0 -3702.0
-50.0 467.0 -3682.0
-70.0 430.0 -3682.0
-65.0 430.0 -3740.0
-70.0 402.0 -3735.0
-65.0 420.0 -3772.0
-80.0 482.0 -3757.0
-75.0 435.0 -3735.0
-42.0 435.0 -3712.0
-65.0 467.0 -3595.0
-117.0 340.0 -3735.0
-112.0 377.0 -3777.0
-80.0 345.0 -3725.0
-122.0 425.0 -3707.0
-117.0 365.0 -3670.0
-140.0 460.0 -3707.0
-117.0 445.0 -3715.0
-127.0 392.0 -3632.0
-107.0 445.0 -3697.0
-132.0 472.0 -3787.0
-107.0 435.0 -3697.0
-117.0 420.0 -3687.0
-112.0 435.0 -3677.0
-80.0 417.0 -3715.0
-85.0 435.0 -3750.0
-127.0 430.0 -3735.0
-137.0 435.0 -3712.0
-122.0 477.0 -3692.0
-137.0 397.0 -3712.0
-117.0 430.0 -3682.0
-132.0 417.0 -3702.0
-132.0 460.0 -3697.0
-122.0 502.0 -3707.0
-145.0 445.0 -3687.0
-117.0 472.0 -3707.0
-92.0 477.0 -3730.0
-137.0 455.0 -3670.0
-107.0 387.0 -3725.0
-92.0 420.0 -3677.0
-117.0 377.0 -3660.0
-75.0 382.0 -3675.0
-97.0 397.0 -3687.0
-117.0 435.0 -3677.0
-140.0 440.0 -3670.0
-132.0 455.0 -3682.0
-155.0 460.0 -3665.0
-127.0 420.0 -3715.0
-127.0 450.0 -3665.0
-97.0 420.0 -3702.0
-137.0 467.0 -3752.0
-145.0 435.0 -3707.0
-92.0 425.0 -3725.0
-132.0 445.0 -3730.0
-97.0 430.0 -3697.0
-137.0 450.0 -3707.0
-140.0 430.0 -3687.0
-155.0 435.0 -3687.0
-127.0 455.0 -3725.0
-160.0 492.0 -3715.0
-132.0 430.0 -3697.0
-245.0 450.0 -3740.0
-212.0 417.0 -3735.0
-227.0 402.0 -3750.0
-217.0 402.0 -3712.0
-227.0 465.0 -3745.0
-227.0 402.0 -3750.0
-197.0 417.0 -3687.0
-175.0 435.0 -3655.0
-240.0 420.0 -3692.0
-255.0 467.0 -3707.0
-202.0 455.0 -3712.0
-160.0 382.0 -3740.0
-127.0 297.0 -3682.0
-217.0 467.0 -3757.0
-187.0 420.0 -3715.0
-155.0 377.0 -3757.0
-180.0 392.0 -3757.0
-185.0 412.0 -3750.0
-192.0 377.0 -3750.0
-160.0 425.0 -3720.0
-165.0 445.0 -3720.0
-145.0 392.0 -3735.0
-180.0 372.0 -3720.0
-155.0 412.0 -3720.0
-192.0 370.0 -3712.0
-155.0 397.0 -3730.0
-155.0 425.0 -3687.0
-180.0 425.0 -3707.0
-165.0 412.0 -3772.0
-232.0 402.0 -3725.0
-192.0 420.0 -3702.0
-222.0 420.0 -3707.0
-180.0 345.0 -3707.0
-165.0 355.0 -3740.0
-165.0 377.0 -3715.0
-155.0 420.0 -3740.0
-140.0 377.0 -3687.0
-175.0 435.0 -3665.0
-175.0 397.0 -3660.0
-185.0 420.0 -3632.0
-140.0 377.0 -3697.0
-175.0 417.0 -3715.0
-202.0 397.0 -3602.0
-187.0 425.0 -3675.0
-197.0 387.0 -3725.0
-165.0 417.0 -3675.0
-202.0 455.0 -3687.0
-170.0 412.0 -3715.0
-175.0 450.0 -3655.0
-245.0 477.0 -3675.0
-497.0 602.0 -3720.0
-365.0 540.0 -3777.0
-345.0 477.0 -3762.0
-340.0 425.0 -3800.0
-345.0 450.0 -3805.0
-340.0 465.0 -3720.0
-335.0 487.0 -3735.0
-335.0 440.0 -3740.0
-355.0 450.0 -3730.0
-355.0 455.0 -3730.0
-350.0 435.0 -3745.0
-275.0 387.0 -3697.0
-292.0 387.0 -3745.0
-250.0 392.0 -3772.0
-312.0 420.0 -3777.0
-297.0 440.0 -3745.0
-265.0 445.0 -3730.0
-255.0 440.0 -3735.0
-280.0 440.0 -3730.0
-260.0 402.0 -3750.0
-280.0 365.0 -3777.0
-297.0 397.0 -3752.0
-260.0 387.0 -3740.0
-265.0 417.0 -3752.0
-260.0 435.0 -3745.0
-255.0 360.0 -3752.0
-282.0 402.0 -3750.0
-260.0 387.0 -3745.0
-275.0 355.0 -3752.0
-227.0 370.0 -3782.0
-245.0 382.0 -3767.0
-232.0 392.0 -3675.0
-240.0 370.0 -3675.0
-292.0 392.0 -3720.0
-370.0 540.0 -3702.0
-340.0 540.0 -3725.0
-335.0 562.0 -3720.0
-365.0 577.0 -3655.0
-345.0 597.0 -3687.0
-372.0 625.0 -3702.0
-360.0 602.0 -3725.0
-360.0 560.0 -3692.0
-322.0 535.0 -3692.0
-350.0 572.0 -3682.0
-355.0 540.0 -3702.0
-377.0 530.0 -3687.0
-325.0 560.0 -3692.0
-335.0 497.0 -3677.0
-355.0 562.0 -3702.0
-350.0 540.0 -3730.0
-635.0 555.0 -3790.0
-705.0 620.0 -3735.0
-650.0 645.0 -3762.0
-535.0 592.0 -3757.0
-550.0 620.0 -3767.0
-567.0 602.0 -3772.0
-567.0 562.0 -3750.0
-550.0 582.0 -3740.0
-592.0 587.0 -3750.0
-567.0 625.0 -3752.0
-567.0 602.0 -3730.0
-577.0 555.0 -3787.0
-562.0 582.0 -3800.0
-562.0 592.0 -3782.0
-560.0 592.0 -3782.0
-555.0 592.0 -3790.0
-560.0 560.0 -3777.0
-610.0 540.0 -3762.0
-607.0 615.0 -3787.0
-550.0 640.0 -3730.0
-587.0 615.0 -3745.0
-525.0 620.0 -3712.0
-520.0 607.0 -3730.0
-567.0 530.0 -3752.0
-515.0 562.0 -3745.0
-512.0 592.0 -3735.0
-567.0 577.0 -3757.0
-592.0 562.0 -3757.0
-550.0 597.0 -3772.0
-602.0 567.0 -3757.0
-582.0 540.0 -3825.0
-435.0 467.0 -3767.0
-582.0 577.0 -3787.0
-587.0 550.0 -3767.0
-610.0 560.0 -3745.0
-597.0 607.0 -3745.0
-592.0 545.0 -3750.0
-607.0 562.0 -3720.0
-597.0 567.0 -3720.0
-597.0 530.0 -3712.0
-602.0 577.0 -3702.0
-577.0 615.0 -3660.0
-582.0 635.0 -3665.0
-587.0 597.0 -3660.0
-597.0 602.0 -3697.0
-572.0 562.0 -3692.0
-597.0 560.0 -3627.0
-582.0 597.0 -3595.0
-597.0 587.0 -3640.0
-587.0 607.0 -3675.0
-1570.0 1037.0 -3525.0
-1560.0 1047.0 -3477.0
-1570.0 1020.0 -3510.0
-1550.0 977.0 -3580.0
-1570.0 957.0 -3702.0
-1545.0 932.0 -3712.0
-1585.0 920.0 -3782.0
-1560.0 937.0 -3805.0
-787.0 560.0 -3800.0
-795.0 520.0 -3795.0
-687.0 550.0 -3805.0
-715.0 572.0 -3782.0
-735.0 610.0 -3757.0
-925.0 577.0 -3757.0
-967.0 625.0 -3757.0
-1032.0 650.0 -3762.0
-1152.0 667.0 -3750.0
-1162.0 677.0 -3790.0
-932.0 635.0 -3715.0
-947.0 650.0 -3772.0
-925.0 630.0 -3740.0
-962.0 630.0 -3745.0
-905.0 630.0 -3757.0
-890.0 645.0 -3752.0
-900.0 640.0 -3767.0
-905.0 607.0 -3720.0
-910.0 640.0 -3757.0
-937.0 652.0 -3772.0
-947.0 650.0 -3757.0
-932.0 657.0 -3777.0
-920.0 650.0 -3752.0
-952.0 657.0 -3740.0
-882.0 640.0 -3772.0
-887.0 645.0 -3790.0
-910.0 650.0 -3767.0
-947.0 667.0 -3745.0
-947.0 662.0 -3745.0
-932.0 652.0 -3782.0
-900.0 672.0 -3725.0
-882.0 672.0 -3702.0
-905.0 620.0 -3725.0
-952.0 620.0 -3750.0
-895.0 592.0 -3782.0
-905.0 630.0 -3757.0
-930.0 657.0 -3750.0
-932.0 652.0 -3745.0
-937.0 640.0 -3725.0
-915.0 630.0 -3745.0
-905.0 630.0 -3762.0
-920.0 645.0 -3750.0
-1822.0 730.0 -3547.0
-1675.0 715.0 -3632.0
-1702.0 772.0 -3675.0
-1617.0 830.0 -3757.0
-1570.0 842.0 -3740.0
-1697.0 867.0 -3810.0
-1692.0 895.0 -3782.0
-1797.0 920.0 -3827.0
-1822.0 887.0 -3810.0
-1907.0 840.0 -3790.0
-1940.0 830.0 -3777.0
-2062.0 792.0 -3815.0
-2130.0 787.0 -3862.0
-1867.0 757.0 -3750.0
-1972.0 787.0 -3670.0
-1602.0 652.0 -3777.0
-1305.0 740.0 -3740.0
-1080.0 610.0 -3767.0
-1205.0 587.0 -3787.0
-1195.0 620.0 -3787.0
-1215.0 607.0 -3752.0
-1200.0 640.0 -3752.0
-1195.0 602.0 -3757.0
-1237.0 652.0 -3800.0
-1190.0 640.0 -3752.0
-1162.0 650.0 -3782.0
-1185.0 577.0 -3725.0
-1170.0 607.0 -3740.0
-1170.0 610.0 -3772.0
-1162.0 662.0 -3777.0
-1210.0 635.0 -3752.0
-1152.0 662.0 -3787.0
-1152.0 657.0 -3787.0
-1170.0 607.0 -3795.0
-1162.0 650.0 -3805.0
-1152.0 635.0 -3757.0
-1142.0 650.0 -3762.0
-1195.0 640.0 -3767.0
-1167.0 672.0 -3730.0
-1122.0 630.0 -3762.0
-1175.0 640.0 -3772.0
-1205.0 657.0 -3762.0
-1195.0 645.0 -3767.0
-1195.0 657.0 -3800.0
-1175.0 650.0 -3752.0
-1190.0 640.0 -3777.0
-1167.0 602.0 -3762.0
-1167.0 587.0 -3777.0
-1190.0 640.0 -3767.0
-1180.0 620.0 -3782.0
-2067.0 535.0 -3687.0
-1925.0 582.0 -3702.0
-1860.0 587.0 -3702.0
-1872.0 597.0 -3712.0
-1840.0 530.0 -3782.0
-1867.0 592.0 -3697.0
-1825.0 587.0 -3750.0
-1867.0 582.0 -3757.0
-1897.0 597.0 -3740.0
-1897.0 620.0 -3725.0
-1865.0 607.0 -3707.0
-1865.0 567.0 -3725.0
-1877.0 560.0 -3735.0
-1897.0 630.0 -3745.0
-1882.0 625.0 -3745.0
-1872.0 567.0 -3750.0
-1822.0 652.0 -3735.0
-1877.0 645.0 -3752.0
-1940.0 592.0 -3600.0
-2015.0 492.0 -3565.0
-1902.0 645.0 -3515.0
-2257.0 682.0 -3842.0
-2310.0 720.0 -3787.0
-2442.0 635.0 -3810.0
-2432.0 587.0 -3847.0
-2457.0 625.0 -3782.0
-2382.0 635.0 -3782.0
-2415.0 592.0 -3740.0
-2425.0 620.0 -3640.0
-2475.0 555.0 -3772.0
-2442.0 530.0 -3757.0
-2282.0 435.0 -3787.0
-2205.0 482.0 -3757.0
-2050.0 512.0 -3725.0
-2067.0 512.0 -3735.0
-2082.0 502.0 -3740.0
-2067.0 502.0 -3745.0
-2092.0 520.0 -3750.0
-2147.0 465.0 -3762.0
-2147.0 497.0 -3740.0
-2130.0 450.0 -3787.0
-2105.0 440.0 -3752.0
-2125.0 450.0 -3815.0
-2120.0 482.0 -3857.0
-2115.0 477.0 -3777.0
-2130.0 467.0 -3795.0
-2140.0 512.0 -3820.0
-2115.0 455.0 -3787.0
-2140.0 465.0 -3767.0
-2167.0 477.0 -3790.0
-2675.0 50.0 -3870.0
-2647.0 175.0 -3825.0
-2562.0 170.0 -3805.0
-2615.0 222.0 -3782.0
-2595.0 155.0 -3810.0
-2567.0 160.0 -3762.0
-2615.0 192.0 -3752.0
-2585.0 240.0 -3735.0
-2567.0 192.0 -3800.0
-2552.0 185.0 -3772.0
-2480.0 170.0 -3740.0
-2522.0 165.0 -3752.0
-2520.0 180.0 -3795.0
-2537.0 185.0 -3782.0
-2537.0 187.0 -3772.0
-2527.0 202.0 -3762.0
-2515.0 187.0 -3795.0
-2515.0 212.0 -3787.0
-2515.0 187.0 -3825.0
-2480.0 207.0 -3777.0
-2552.0 232.0 -3725.0
-2575.0 145.0 -3735.0
-2522.0 180.0 -3750.0
-2505.0 197.0 -3752.0
-2485.0 197.0 -3745.0
-2495.0 170.0 -3757.0
-2472.0 165.0 -3750.0
-2475.0 192.0 -3782.0
-2520.0 260.0 -3725.0
-2462.0 180.0 -3750.0
-2472.0 250.0 -3842.0
-2515.0 235.0 -3730.0
-2537.0 197.0 -3805.0
-2505.0 245.0 -3735.0
-2472.0 235.0 -3720.0
-2495.0 197.0 -3762.0
-2520.0 255.0 -3810.0
-2495.0 222.0 -3767.0
-2485.0 170.0 -3740.0
-2480.0 250.0 -3712.0
-2505.0 232.0 -3757.0
-2500.0 207.0 -3715.0
-2510.0 202.0 -3777.0
-2520.0 207.0 -3810.0
-2490.0 232.0 -3782.0
-2520.0 227.0 -3735.0
-2515.0 207.0 -3730.0
-2510.0 235.0 -3757.0
-2467.0 197.0 -3715.0
-2490.0 280.0 -3767.0
-3045.0 -460.0 -3862.0
-3032.0 -407.0 -3862.0
-2945.0 -355.0 -3857.0
-2985.0 -387.0 -3837.0
-2960.0 -372.0 -3832.0
-2992.0 -335.0 -3875.0
-2965.0 -345.0 -3852.0
-2990.0 -382.0 -3865.0
-3012.0 -360.0 -3832.0
-2990.0 -382.0 -3820.0
-3022.0 -350.0 -3870.0
-2997.0 -370.0 -3790.0
-3022.0 -360.0 -3815.0
-3022.0 -370.0 -3857.0
-3017.0 -397.0 -3837.0
-2955.0 -370.0 -3832.0
-2945.0 -425.0 -3810.0
-2997.0 -407.0 -3820.0
-3027.0 -435.0 -3842.0
-3012.0 -387.0 -3832.0
-3012.0 -440.0 -3865.0
-3007.0 -417.0 -3832.0
-2960.0 -402.0 -3832.0
-2985.0 -365.0 -3875.0
-3002.0 -407.0 -3805.0
-3032.0 -407.0 -3857.0
-3027.0 -392.0 -3907.0
-3007.0 -402.0 -3870.0
-2975.0 -377.0 -3810.0
-3037.0 -387.0 -3827.0
-3007.0 -392.0 -3827.0
-3065.0 -387.0 -3827.0
-2997.0 -387.0 -3895.0
-3032.0 -402.0 -3857.0
-3032.0 -402.0 -3870.0
-3070.0 -440.0 -3832.0
-3032.0 -392.0 -3847.0
-3002.0 -412.0 -3810.0
-3007.0 -392.0 -3825.0
-3017.0 -387.0 -3805.0
-3012.0 -355.0 -3842.0
-3012.0 -420.0 -3847.0
-3007.0 -420.0 -3847.0
-2980.0 -370.0 -3847.0
-3002.0 -360.0 -3827.0
-2950.0 -372.0 -3815.0
-2970.0 -360.0 -3790.0
-2992.0 -340.0 -3857.0
-2945.0 -372.0 -3837.0
-2970.0 -330.0 -3825.0
-3890.0 -1402.0 -3772.0
-3317.0 -1072.0 -3927.0
-3165.0 -830.0 -3885.0
-3217.0 -852.0 -3937.0
-3175.0 -852.0 -3880.0
-3212.0 -810.0 -3875.0
-3192.0 -890.0 -3927.0
-3217.0 -887.0 -3950.0
-3225.0 -915.0 -3885.0
-3182.0 -830.0 -3907.0
-3192.0 -820.0 -3890.0
-3230.0 -820.0 -3907.0
-3175.0 -810.0 -3865.0
-3197.0 -815.0 -3890.0
-3270.0 -830.0 -3902.0
-3192.0 -825.0 -3900.0
-3217.0 -847.0 -3912.0
-3217.0 -825.0 -3922.0
-3217.0 -835.0 -3907.0
-3245.0 -762.0 -3885.0
-3245.0 -745.0 -3890.0
-3222.0 -800.0 -3912.0
-3187.0 -815.0 -3932.0
-3212.0 -800.0 -3945.0
-3192.0 -795.0 -3875.0
-3225.0 -820.0 -3917.0
-3187.0 -815.0 -3880.0
-3207.0 -825.0 -3865.0
-3255.0 -847.0 -3885.0
-3207.0 -810.0 -3907.0
-3282.0 -820.0 -3885.0
-3197.0 -825.0 -3937.0
-3207.0 -787.0 -3880.0
-3212.0 -810.0 -3885.0
-3217.0 -795.0 -3900.0
-3177.0 -777.0 -3852.0
-3222.0 -795.0 -3880.0
-3260.0 -810.0 -3900.0
-3222.0 -842.0 -3912.0
-3192.0 -815.0 -3885.0
-3197.0 -810.0 -3885.0
-3187.0 -847.0 -3922.0
-3297.0 -815.0 -3885.0
-3222.0 -835.0 -3907.0
-3177.0 -835.0 -3900.0
-3212.0 -772.0 -3880.0
-3240.0 -805.0 -3907.0
-3212.0 -787.0 -3900.0
-3225.0 -862.0 -3917.0
-3197.0 -782.0 -3907.0
-3407.0 -1935.0 -4040.0
-3440.0 -1892.0 -4052.0
-3397.0 -1825.0 -4012.0
-3420.0 -1850.0 -4040.0
-3362.0 -1835.0 -3987.0
-3440.0 -1835.0 -4015.0
-3382.0 -1867.0 -4030.0
-3425.0 -1830.0 -4040.0
-3402.0 -1825.0 -4012.0
-3402.0 -1840.0 -4025.0
-3372.0 -1825.0 -4050.0
-3367.0 -1865.0 -4045.0
-3392.0 -1867.0 -4035.0
-3440.0 -1825.0 -4045.0
-3440.0 -1787.0 -4052.0
-3487.0 -1835.0 -4020.0
-3435.0 -1835.0 -4040.0
-3377.0 -1840.0 -4062.0
-3402.0 -1775.0 -4050.0
-3430.0 -1812.0 -4015.0
-3387.0 -1845.0 -3987.0
-3435.0 -1782.0 -4035.0
-3407.0 -1802.0 -4052.0
-3420.0 -1797.0 -4052.0
-3415.0 -1787.0 -4020.0
-3410.0 -1792.0 -4025.0
-3420.0 -1777.0 -4012.0
-3410.0 -1775.0 -4045.0
-3435.0 -1760.0 -4050.0
-3435.0 -1755.0 -4035.0
-3430.0 -1787.0 -4090.0
-3435.0 -1770.0 -4007.0
-3392.0 -1760.0 -4040.0
-3435.0 -1740.0 -4050.0
-3435.0 -1765.0 -4002.0
-3415.0 -1777.0 -4045.0
-3415.0 -1812.0 -4012.0
-3402.0 -1787.0 -4020.0
-3372.0 -1792.0 -4030.0
-3397.0 -1777.0 -4025.0
-3415.0 -1692.0 -4012.0
-3407.0 -1745.0 -3997.0
-3430.0 -1797.0 -4030.0
-3360.0 -1770.0 -4020.0
-3420.0 -1765.0 -3992.0
-3415.0 -1760.0 -4007.0
-3407.0 -1740.0 -4020.0
-3392.0 -1807.0 -4012.0
-3445.0 -1760.0 -4040.0
-3402.0 -1750.0 -4030.0
-3160.0 -2627.0 -4110.0
-3175.0 -2627.0 -4127.0
-3230.0 -2615.0 -4105.0
-3202.0 -2575.0 -4125.0
-3197.0 -2570.0 -4052.0
-3207.0 -2595.0 -4105.0
-3182.0 -2595.0 -4077.0
-3207.0 -2557.0 -4100.0
-3245.0 -2580.0 -4077.0
-3240.0 -2580.0 -4100.0
-3212.0 -2575.0 -4105.0
-3175.0 -2567.0 -4125.0
-3260.0 -2637.0 -4105.0
-3212.0 -2615.0 -4095.0
-3265.0 -2595.0 -4125.0
-3222.0 -2600.0 -4082.0
-3235.0 -2575.0 -4105.0
-3212.0 -2567.0 -4105.0
-3222.0 -2570.0 -4007.0
-3212.0 -2562.0 -4045.0
-3177.0 -2575.0 -4087.0
-3235.0 -2605.0 -4072.0
-3212.0 -2605.0 -4077.0
-3222.0 -2600.0 -4087.0
-3217.0 -2552.0 -4100.0
-3222.0 -2580.0 -4090.0
-3217.0 -2552.0 -4115.0
-3187.0 -2567.0 -4132.0
-3235.0 -2585.0 -4105.0
-3222.0 -2600.0 -4110.0
-3270.0 -2557.0 -4127.0
-3250.0 -2567.0 -4082.0
-3225.0 -2585.0 -4110.0
-3240.0 -2615.0 -4142.0
-3260.0 -2617.0 -4125.0
-3250.0 -2605.0 -4090.0
-3245.0 -2595.0 -4087.0
-3192.0 -2570.0 -4057.0
-3265.0 -2570.0 -4077.0
-3255.0 -2595.0 -4067.0
-3197.0 -2590.0 -4137.0
-3225.0 -2605.0 -4110.0
-3222.0 -2615.0 -4087.0
-3272.0 -2580.0 -4095.0
-3255.0 -2590.0 -4082.0
-3225.0 -2610.0 -4087.0
-3240.0 -2585.0 -4062.0
-3235.0 -2595.0 -4072.0
-3230.0 -2585.0 -4052.0
-3217.0 -2575.0 -4082.0
-2785.0 -3302.0 -4132.0
-2755.0 -3225.0 -4180.0
-2747.0 -3245.0 -4162.0
-2780.0 -3212.0 -4165.0
-2817.0 -3222.0 -4165.0
-2737.0 -3177.0 -4170.0
-2812.0 -3230.0 -4142.0
-2755.0 -3217.0 -4165.0
-2752.0 -3235.0 -4152.0
-2802.0 -3165.0 -4142.0
-2802.0 -3192.0 -4152.0
-2790.0 -3212.0 -4162.0
-2817.0 -3192.0 -4190.0
-2780.0 -3182.0 -4157.0
-2770.0 -3187.0 -4162.0
-2775.0 -3202.0 -4202.0
-2755.0 -3235.0 -4190.0
-2807.0 -3222.0 -4165.0
-2752.0 -3192.0 -4165.0
-2822.0 -3192.0 -4180.0
-2795.0 -3170.0 -4180.0
-2770.0 -3207.0 -4157.0
-2785.0 -3182.0 -4170.0
-2817.0 -3217.0 -4227.0
-2800.0 -3202.0 -4190.0
-2795.0 -3170.0 -4175.0
-2795.0 -3207.0 -4157.0
-2747.0 -3182.0 -4185.0
-2742.0 -3145.0 -4212.0
-2765.0 -3177.0 -4232.0
-2760.0 -3255.0 -4152.0
-2770.0 -3202.0 -4165.0
-2755.0 -3170.0 -4165.0
-2775.0 -3202.0 -4170.0
-2790.0 -3217.0 -4175.0
-2755.0 -3197.0 -4185.0
-2755.0 -3230.0 -4195.0
-2807.0 -3250.0 -4190.0
-2755.0 -3155.0 -4200.0
-2827.0 -3182.0 -4152.0
-2775.0 -3192.0 -4152.0
-2770.0 -3197.0 -4185.0
-2752.0 -3187.0 -4162.0
-2780.0 -3182.0 -4147.0
-2807.0 -3192.0 -4165.0
-2790.0 -3175.0 -4175.0
-2785.0 -3150.0 -4170.0
-2812.0 -3170.0 -4180.0
-2760.0 -3177.0 -4157.0
-2807.0 -3207.0 -4152.0
-2390.0 -4062.0 -4025.0
-2430.0 -4027.0 -4067.0
-2770.0 -3587.0 -4142.0
-2822.0 -3472.0 -4105.0
-2760.0 -3402.0 -4125.0
-2737.0 -3335.0 -4185.0
-2765.0 -3330.0 -4175.0
-2532.0 -3392.0 -4170.0
-2537.0 -3397.0 -4170.0
-2505.0 -3415.0 -4162.0
-2520.0 -3397.0 -4207.0
-2510.0 -3425.0 -4170.0
-2500.0 -3440.0 -4190.0
-2522.0 -3360.0 -4195.0
-2505.0 -3377.0 -4195.0
-2515.0 -3410.0 -4227.0
-2505.0 -3367.0 -4222.0
-2520.0 -3407.0 -4200.0
-2500.0 -3397.0 -4217.0
-2527.0 -3387.0 -4195.0
-2515.0 -3415.0 -4185.0
-2495.0 -3397.0 -4195.0
-2490.0 -3382.0 -4190.0
-2500.0 -3350.0 -4185.0
-2475.0 -3382.0 -4170.0
-2547.0 -3397.0 -4165.0
-2547.0 -3407.0 -4185.0
-2537.0 -3402.0 -4200.0
-2500.0 -3407.0 -4152.0
-2505.0 -3397.0 -4157.0
-2522.0 -3410.0 -4202.0
-2520.0 -3440.0 -4157.0
-2552.0 -3397.0 -4170.0
-2515.0 -3372.0 -4185.0
-2495.0 -3402.0 -4207.0
-2527.0 -3387.0 -4185.0
-2562.0 -3372.0 -4212.0
-2500.0 -3415.0 -4212.0
-2495.0 -3415.0 -4170.0
-2490.0 -3377.0 -4180.0
-2537.0 -3415.0 -4200.0
-2562.0 -3377.0 -4202.0
-2522.0 -3367.0 -4180.0
-2537.0 -3402.0 -4125.0
-2590.0 -3387.0 -4180.0
-2510.0 -3415.0 -4217.0
-2495.0 -3445.0 -4227.0
-2500.0 -3415.0 -4217.0
-2547.0 -3340.0 -4207.0
-2522.0 -3377.0 -4195.0
-2062.0 -5262.0 -3702.0
-1987.0 -5045.0 -3805.0
-2082.0 -4682.0 -4007.0
-2055.0 -4612.0 -3970.0
-2072.0 -4550.0 -3982.0
-2055.0 -4575.0 -3937.0
-1945.0 -4412.0 -4030.0
-1902.0 -4402.0 -4040.0
-1782.0 -4455.0 -4057.0
-1675.0 -4455.0 -4062.0
-1697.0 -4460.0 -4062.0
-1855.0 -4412.0 -4002.0
-2172.0 -4437.0 -3992.0
-2105.0 -4370.0 -3982.0
-2077.0 -4432.0 -3977.0
-2092.0 -4407.0 -4020.0
-2147.0 -4365.0 -3992.0
-2145.0 -4375.0 -4012.0
-2157.0 -4385.0 -4030.0
-2110.0 -4355.0 -4030.0
-2162.0 -4342.0 -3992.0
-2120.0 -4365.0 -4030.0
-2145.0 -4380.0 -4057.0
-2177.0 -4350.0 -4012.0
-2110.0 -4345.0 -3977.0
-2140.0 -4327.0 -3982.0
-2115.0 -4332.0 -4025.0
-2120.0 -4350.0 -4020.0
-2130.0 -4365.0 -4012.0
-2105.0 -4350.0 -4025.0
-2167.0 -4317.0 -3992.0
-2135.0 -4370.0 -3992.0
-2120.0 -4355.0 -3997.0
-2072.0 -4350.0 -3970.0
-2125.0 -4317.0 -3960.0
-2110.0 -4317.0 -3955.0
-2145.0 -4392.0 -4045.0
-2147.0 -4380.0 -4012.0
-2135.0 -4375.0 -4020.0
-2157.0 -4327.0 -4025.0
-2157.0 -4342.0 -4002.0
-2130.0 -4380.0 -4030.0
-2092.0 -4350.0 -3982.0
-2120.0 -4337.0 -4082.0
-2167.0 -4380.0 -3987.0
-2162.0 -4365.0 -4007.0
-2135.0 -4302.0 -4020.0
-2167.0 -4332.0 -4025.0
-2145.0 -4375.0 -4012.0
-2120.0 -4380.0 -3975.0
-1597.0 -6837.0 -2707.0
-1650.0 -6767.0 -2797.0
-2025.0 -6325.0 -3065.0
-2015.0 -6035.0 -3275.0
-2087.0 -5797.0 -3445.0
-1987.0 -5717.0 -3532.0
-1560.0 -4450.0 -4015.0
-1490.0 -4422.0 -4057.0
-1470.0 -4445.0 -4057.0
-1475.0 -4470.0 -4035.0
-1455.0 -4445.0 -4025.0
-1447.0 -4465.0 -4045.0
-1450.0 -4470.0 -4105.0
-1442.0 -4432.0 -4052.0
-1485.0 -4460.0 -4035.0
-1437.0 -4455.0 -4002.0
-1485.0 -4437.0 -4035.0
-1460.0 -4465.0 -4050.0
-1455.0 -4485.0 -4110.0
-1475.0 -4460.0 -4050.0
-1502.0 -4450.0 -4050.0
-1450.0 -4390.0 -4100.0
-1447.0 -4480.0 -4020.0
-1460.0 -4460.0 -4052.0
-1455.0 -4427.0 -4002.0
-1450.0 -4480.0 -4015.0
-1465.0 -4470.0 -4025.0
-1490.0 -4427.0 -4057.0
-1485.0 -4437.0 -4057.0
-1465.0 -4440.0 -4025.0
-1465.0 -4412.0 -4035.0
-1480.0 -4417.0 -4030.0
-1480.0 -4445.0 -3977.0
-1470.0 -4465.0 -3940.0
-1460.0 -4422.0 -4040.0
-1470.0 -4402.0 -3970.0
-1485.0 -4465.0 -4035.0
-1485.0 -4407.0 -4030.0
-1465.0 -4412.0 -4062.0
-1490.0 -4527.0 -4040.0
-1480.0 -4450.0 -4025.0
-1450.0 -4437.0 -4062.0
-1517.0 -4480.0 -4052.0
-1512.0 -4487.0 -4077.0
-1495.0 -4450.0 -4025.0
-1490.0 -4517.0 -4015.0
-1495.0 -4497.0 -4050.0
-1485.0 -4480.0 -4072.0
-1485.0 -4455.0 -4072.0
-1497.0 -4475.0 -4012.0
-1037.0 -6915.0 -2625.0
-1057.0 -6880.0 -2615.0
-1052.0 -6932.0 -2625.0
-1037.0 -6910.0 -2632.0
-1042.0 -6927.0 -2632.0
-1062.0 -6942.0 -2625.0
-1075.0 -6910.0 -2662.0
-1090.0 -6895.0 -2680.0
-1032.0 -6890.0 -2595.0
-1027.0 -6947.0 -2615.0
-1042.0 -6962.0 -2625.0
-1075.0 -6900.0 -2665.0
-1080.0 -6905.0 -2627.0
-1052.0 -6900.0 -2652.0
-1072.0 -6932.0 -2637.0
-1062.0 -6937.0 -2605.0
-1057.0 -6927.0 -2632.0
-1062.0 -6922.0 -2637.0
-1032.0 -6942.0 -2637.0
-1062.0 -6952.0 -2662.0
-1047.0 -6942.0 -2647.0
-1042.0 -6947.0 -2620.0
-1052.0 -6947.0 -2637.0
-1080.0 -6947.0 -2665.0
-1067.0 -7012.0 -2632.0
-1067.0 -6975.0 -2632.0
-1110.0 -6952.0 -2637.0
-1067.0 -6975.0 -2662.0
-1067.0 -6905.0 -2665.0
-1037.0 -6947.0 -2647.0
-1067.0 -6910.0 -2620.0
-1080.0 -6957.0 -2615.0
-1090.0 -6932.0 -2670.0
-1072.0 -6942.0 -2627.0
-1062.0 -6915.0 -2615.0
-1085.0 -6890.0 -2652.0
-1105.0 -6900.0 -2665.0
-1062.0 -6927.0 -2632.0
-1052.0 -6905.0 -2652.0
-1042.0 -6947.0 -2652.0
-1090.0 -6957.0 -2637.0
-1080.0 -6927.0 -2680.0
-1047.0 -6905.0 -2627.0
-1047.0 -6937.0 -2627.0
-1067.0 -6895.0 -2632.0
-1067.0 -6917.0 -2632.0
-1075.0 -6905.0 -2647.0
-1090.0 -6910.0 -2615.0
-1075.0 -6937.0 -2637.0
-1072.0 -6952.0 -2627.0
492.0 -2965.0 -4180.0
467.0 -2990.0 -4180.0
407.0 -3075.0 -4240.0
402.0 -3045.0 -4190.0
360.0 -3060.0 -4212.0
382.0 -3065.0 -4195.0
397.0 -3087.0 -4170.0
435.0 -3075.0 -4162.0
392.0 -3092.0 -4195.0
335.0 -3045.0 -4200.0
397.0 -3082.0 -4207.0
330.0 -3082.0 -4222.0
365.0 -3107.0 -4207.0
312.0 -3037.0 -4217.0
340.0 -3092.0 -4212.0
372.0 -3097.0 -4200.0
372.0 -3045.0 -4237.0
370.0 -3027.0 -4175.0
335.0 -3107.0 -4212.0
360.0 -3097.0 -4232.0
330.0 -3050.0 -4232.0
345.0 -3087.0 -4222.0
345.0 -3082.0 -4185.0
370.0 -3075.0 -4245.0
340.0 -3040.0 -4245.0
350.0 -3087.0 -4207.0
322.0 -3060.0 -4195.0
345.0 -3087.0 -4232.0
335.0 -3082.0 -4217.0
297.0 -3050.0 -4207.0
355.0 -3050.0 -4207.0
387.0 -3017.0 -4245.0
370.0 -3075.0 -4200.0
340.0 -3080.0 -4200.0
340.0 -3097.0 -4200.0
365.0 -3082.0 -4170.0
377.0 -3080.0 -4190.0
355.0 -3050.0 -4222.0
345.0 -3075.0 -4185.0
322.0 -3097.0 -4195.0
325.0 -3080.0 -4237.0
382.0 -3082.0 -4200.0
365.0 -3097.0 -4190.0
397.0 -3135.0 -4195.0
335.0 -3117.0 -4217.0
365.0 -3080.0 -4207.0
407.0 -3032.0 -4165.0
397.0 -3082.0 -4237.0
350.0 -3112.0 -4222.0
340.0 -3065.0 -4217.0
810.0 -2235.0 -4120.0
840.0 -2342.0 -4087.0
820.0 -2352.0 -4090.0
825.0 -2330.0 -4100.0
815.0 -2367.0 -4132.0
805.0 -2420.0 -4090.0
782.0 -2342.0 -4100.0
830.0 -2367.0 -4045.0
810.0 -2377.0 -4095.0
810.0 -2352.0 -4057.0
830.0 -2300.0 -4067.0
800.0 -2410.0 -4110.0
835.0 -2400.0 -4082.0
792.0 -2385.0 -4072.0
835.0 -2432.0 -4125.0
815.0 -2372.0 -4072.0
825.0 -2390.0 -4067.0
757.0 -2357.0 -4087.0
795.0 -2400.0 -4087.0
787.0 -2447.0 -4125.0
842.0 -2425.0 -4120.0
792.0 -2425.0 -4120.0
787.0 -2410.0 -4087.0
795.0 -2415.0 -4115.0
820.0 -2420.0 -4115.0
782.0 -2430.0 -4087.0
805.0 -2400.0 -4115.0
857.0 -2425.0 -4137.0
852.0 -2425.0 -4127.0
777.0 -2410.0 -4115.0
782.0 -2420.0 -4115.0
772.0 -2437.0 -4090.0
800.0 -2415.0 -4162.0
795.0 -2442.0 -4157.0
825.0 -2395.0 -4120.0
800.0 -2362.0 -4087.0
800.0 -2330.0 -4115.0
782.0 -2395.0 -4100.0
762.0 -2420.0 -4127.0
805.0 -2462.0 -4120.0
795.0 -2410.0 -4115.0
815.0 -2405.0 -4125.0
772.0 -2415.0 -4125.0
795.0 -2452.0 -4125.0
815.0 -2410.0 -4090.0
787.0 -2377.0 -4110.0
810.0 -2395.0 -4115.0
810.0 -2437.0 -4105.0
795.0 -2430.0 -4110.0
792.0 -2420.0 -4100.0
962.0 -1730.0 -3987.0
990.0 -1722.0 -3965.0
972.0 -1722.0 -3975.0
985.0 -1745.0 -3977.0
980.0 -1735.0 -4007.0
995.0 -1750.0 -3970.0
962.0 -1765.0 -4002.0
967.0 -1777.0 -3997.0
977.0 -1717.0 -4002.0
1005.0 -1760.0 -4015.0
977.0 -1727.0 -4040.0
942.0 -1755.0 -4012.0
967.0 -1750.0 -4040.0
972.0 -1717.0 -4020.0
967.0 -1735.0 -3987.0
962.0 -1760.0 -3987.0
985.0 -1745.0 -3992.0
972.0 -1750.0 -4015.0
980.0 -1727.0 -3992.0
962.0 -1727.0 -3997.0
930.0 -1712.0 -3970.0
937.0 -1682.0 -3977.0
972.0 -1730.0 -4002.0
962.0 -1712.0 -4040.0
1005.0 -1807.0 -4025.0
977.0 -1750.0 -3977.0
980.0 -1735.0 -4007.0
962.0 -1740.0 -4062.0
957.0 -1740.0 -3987.0
977.0 -1777.0 -4002.0
915.0 -1745.0 -3992.0
972.0 -1727.0 -4025.0
985.0 -1745.0 -4002.0
985.0 -1717.0 -3992.0
930.0 -1687.0 -4012.0
967.0 -1770.0 -4020.0
962.0 -1722.0 -4012.0
937.0 -1722.0 -3970.0
985.0 -1740.0 -4040.0
952.0 -1717.0 -4052.0
967.0 -1717.0 -4012.0
972.0 -1745.0 -3997.0
942.0 -1727.0 -4030.0
980.0 -1717.0 -3992.0
962.0 -1697.0 -4007.0
952.0 -1797.0 -3997.0
972.0 -1830.0 -3987.0
930.0 -1717.0 -4015.0
967.0 -1730.0 -3987.0
980.0 -1782.0 -3950.0
1042.0 -1247.0 -3977.0
1047.0 -1275.0 -3937.0
1025.0 -1280.0 -3955.0
995.0 -1270.0 -3902.0
1005.0 -1270.0 -3955.0
1047.0 -1260.0 -3932.0
972.0 -1200.0 -3922.0
995.0 -1242.0 -3907.0
1010.0 -1270.0 -3950.0
1000.0 -1275.0 -3900.0
952.0 -1285.0 -3945.0
980.0 -1242.0 -3937.0
985.0 -1260.0 -3960.0
1025.0 -1300.0 -3965.0
1010.0 -1232.0 -3960.0
1025.0 -1275.0 -3955.0
1037.0 -1242.0 -3917.0
995.0 -1300.0 -3937.0
1047.0 -1275.0 -3937.0
1005.0 -1237.0 -3960.0
1010.0 -1242.0 -3932.0
1027.0 -1265.0 -3922.0
1015.0 -1285.0 -3982.0
1027.0 -1280.0 -3960.0
1032.0 -1280.0 -3950.0
1005.0 -1252.0 -3950.0
1027.0 -1290.0 -3927.0
1005.0 -1290.0 -3940.0
1020.0 -1257.0 -3955.0
1015.0 -1242.0 -3975.0
990.0 -1265.0 -3982.0
995.0 -1275.0 -3965.0
1010.0 -1290.0 -3945.0
1052.0 -1270.0 -3937.0
1020.0 -1285.0 -3917.0
1067.0 -1305.0 -3992.0
1025.0 -1307.0 -3940.0
1020.0 -1252.0 -3907.0
1032.0 -1285.0 -3902.0
985.0 -1270.0 -3912.0
1027.0 -1265.0 -3937.0
990.0 -1317.0 -3977.0
977.0 -1232.0 -3907.0
995.0 -1260.0 -3937.0
972.0 -1247.0 -3950.0
1005.0 -1280.0 -3950.0
962.0 -1247.0 -3917.0
1020.0 -1275.0 -3950.0
1037.0 -1237.0 -3907.0
1047.0 -1265.0 -3907.0
962.0 -842.0 -3875.0
977.0 -862.0 -3900.0
985.0 -995.0 -3922.0
1015.0 -930.0 -3895.0
985.0 -962.0 -3900.0
1005.0 -937.0 -3917.0
990.0 -930.0 -3940.0
990.0 -957.0 -3865.0
1005.0 -920.0 -3900.0
1020.0 -942.0 -3922.0
1005.0 -952.0 -3945.0
967.0 -962.0 -3975.0
1025.0 -985.0 -3917.0
962.0 -910.0 -3917.0
995.0 -925.0 -3937.0
1005.0 -957.0 -3895.0
990.0 -942.0 -3912.0
972.0 -985.0 -3885.0
980.0 -947.0 -3912.0
985.0 -937.0 -3917.0
1005.0 -887.0 -3912.0
947.0 -905.0 -3917.0
1025.0 -952.0 -3885.0
1000.0 -942.0 -3907.0
995.0 -957.0 -3917.0
1010.0 -967.0 -3922.0
1015.0 -972.0 -3922.0
1020.0 -952.0 -3902.0
942.0 -952.0 -3865.0
967.0 -977.0 -3890.0
980.0 -932.0 -3945.0
1027.0 -957.0 -3932.0
1025.0 -962.0 -3922.0
980.0 -942.0 -3900.0
947.0 -930.0 -3902.0
1010.0 -962.0 -3907.0
1010.0 -957.0 -3927.0
1032.0 -932.0 -3902.0
1020.0 -942.0 -3912.0
1010.0 -930.0 -3900.0
980.0 -952.0 -3890.0
1015.0 -910.0 -3907.0
995.0 -972.0 -3902.0
1000.0 -967.0 -3912.0
962.0 -905.0 -3912.0
1010.0 -947.0 -3902.0
1042.0 -900.0 -3922.0
1000.0 -915.0 -3927.0
1057.0 -942.0 -3895.0
985.0 -932.0 -3890.0
820.0 -477.0 -3862.0
862.0 -502.0 -3842.0
842.0 -487.0 -3875.0
847.0 -525.0 -3885.0
847.0 -507.0 -3862.0
887.0 -515.0 -3865.0
847.0 -502.0 -3870.0
795.0 -502.0 -3810.0
847.0 -502.0 -3852.0
862.0 -515.0 -3865.0
872.0 -525.0 -3890.0
887.0 -562.0 -3857.0
852.0 -530.0 -3842.0
882.0 -512.0 -3827.0
895.0 -550.0 -3857.0
905.0 -540.0 -3842.0
882.0 -520.0 -3875.0
900.0 -555.0 -3857.0
895.0 -567.0 -3837.0
905.0 -560.0 -3837.0
920.0 -572.0 -3875.0
872.0 -562.0 -3870.0
915.0 -535.0 -3907.0
932.0 -562.0 -3885.0
887.0 -550.0 -3940.0
882.0 -572.0 -3862.0
900.0 -562.0 -3890.0
910.0 -555.0 -3870.0
905.0 -555.0 -3900.0
887.0 -530.0 -3862.0
900.0 -560.0 -3890.0
877.0 -540.0 -3900.0
887.0 -530.0 -3875.0
910.0 -545.0 -3890.0
930.0 -560.0 -3880.0
930.0 -567.0 -3875.0
905.0 -550.0 -3847.0
900.0 -597.0 -3890.0
895.0 -635.0 -3847.0
905.0 -640.0 -3900.0
905.0 -562.0 -3865.0
887.0 -550.0 -3890.0
937.0 -630.0 -3865.0
932.0 -577.0 -3862.0
920.0 -572.0 -3885.0
920.0 -572.0 -3880.0
900.0 -540.0 -3852.0
890.0 -597.0 -3837.0
890.0 -550.0 -3810.0
900.0 -567.0 -3865.0
725.0 -275.0 -3827.0
762.0 -340.0 -3827.0
782.0 -312.0 -3857.0
857.0 -335.0 -3827.0
810.0 -322.0 -3837.0
767.0 -322.0 -3805.0
792.0 -345.0 -3852.0
795.0 -340.0 -3847.0
767.0 -372.0 -3875.0
810.0 -350.0 -3857.0
847.0 -322.0 -3875.0
800.0 -370.0 -3862.0
787.0 -297.0 -3875.0
772.0 -317.0 -3870.0
752.0 -360.0 -3880.0
792.0 -330.0 -3895.0
810.0 -350.0 -3865.0
805.0 -350.0 -3857.0
772.0 -335.0 -3857.0
782.0 -345.0 -3837.0
805.0 -317.0 -3790.0
792.0 -335.0 -3847.0
830.0 -330.0 -3857.0
825.0 -355.0 -3852.0
795.0 -372.0 -3842.0
800.0 -335.0 -3862.0
810.0 -350.0 -3842.0
757.0 -355.0 -3847.0
792.0 -322.0 -3827.0
810.0 -365.0 -3885.0
810.0 -355.0 -3795.0
777.0 -340.0 -3885.0
810.0 -335.0 -3837.0
842.0 -330.0 -3865.0
800.0 -335.0 -3885.0
842.0 -330.0 -3857.0
787.0 -350.0 -3842.0
747.0 -307.0 -3825.0
825.0 -387.0 -3857.0
800.0 -325.0 -3842.0
840.0 -365.0 -3880.0
820.0 -392.0 -3865.0
825.0 -335.0 -3865.0
815.0 -355.0 -3862.0
810.0 -350.0 -3857.0
820.0 -412.0 -3900.0
810.0 -387.0 -3857.0
810.0 -382.0 -3862.0
800.0 -350.0 -3852.0
800.0 -330.0 -3890.0
662.0 -137.0 -3800.0
710.0 -202.0 -3827.0
635.0 -140.0 -3827.0
615.0 -117.0 -3820.0
652.0 -150.0 -3820.0
650.0 -132.0 -3787.0
625.0 -122.0 -3862.0
645.0 -145.0 -3847.0
630.0 -122.0 -3800.0
677.0 -132.0 -3800.0
677.0 -137.0 -3847.0
645.0 -140.0 -3805.0
610.0 -112.0 -3777.0
630.0 -140.0 -3842.0
610.0 -117.0 -3825.0
635.0 -132.0 -3815.0
610.0 -122.0 -3827.0
645.0 -132.0 -3800.0
630.0 -122.0 -3825.0
635.0 -127.0 -3815.0
620.0 -140.0 -3810.0
620.0 -112.0 -3810.0
630.0 -137.0 -3815.0
567.0 -107.0 -3832.0
657.0 -132.0 -3847.0
672.0 -150.0 -3827.0
677.0 -165.0 -3810.0
610.0 -145.0 -3820.0
635.0 -145.0 -3847.0
672.0 -160.0 -3825.0
662.0 -187.0 -3827.0
630.0 -160.0 -3865.0
677.0 -180.0 -3827.0
692.0 -160.0 -3827.0
697.0 -165.0 -3825.0
677.0 -140.0 -3832.0
652.0 -150.0 -3827.0
662.0 -187.0 -3757.0
630.0 -160.0 -3837.0
672.0 -160.0 -3820.0
687.0 -175.0 -3852.0
650.0 -170.0 -3880.0
650.0 -140.0 -3852.0
652.0 -150.0 -3800.0
667.0 -132.0 -3800.0
692.0 -145.0 -3795.0
667.0 -170.0 -3825.0
667.0 -185.0 -3852.0
705.0 -175.0 -3842.0
677.0 -155.0 -3862.0
512.0 -12.0 -3832.0
550.0 -42.0 -3800.0
602.0 -60.0 -3795.0
507.0 -27.0 -3777.0
525.0 -2.0 -3805.0
515.0 -12.0 -3815.0
530.0 -2.0 -3827.0
512.0 -32.0 -3815.0
540.0 -7.0 -3847.0
567.0 -32.0 -3815.0
560.0 -70.0 -3832.0
560.0 -32.0 -3815.0
645.0 -17.0 -3805.0
740.0 -117.0 -3820.0
662.0 -90.0 -3805.0
672.0 -117.0 -3820.0
682.0 -92.0 -3825.0
657.0 -102.0 -3795.0
577.0 -92.0 -3842.0
560.0 -32.0 -3815.0
597.0 -27.0 -3832.0
530.0 -12.0 -3837.0
620.0 -17.0 -3815.0
602.0 -17.0 -3842.0
597.0 -45.0 -3820.0
607.0 -65.0 -3857.0
602.0 -27.0 -3782.0
587.0 -37.0 -3815.0
577.0 -50.0 -3825.0
577.0 -27.0 -3837.0
572.0 -32.0 -3815.0
610.0 -32.0 -3810.0
607.0 -22.0 -3827.0
625.0 -22.0 -3810.0
587.0 -65.0 -3847.0
562.0 -27.0 -3805.0
577.0 -45.0 -3837.0
597.0 -65.0 -3852.0
560.0 -85.0 -3832.0
545.0 -42.0 -3837.0
577.0 -45.0 -3790.0
587.0 -22.0 -3795.0
615.0 -17.0 -3827.0
607.0 -22.0 -3800.0
610.0 -45.0 -3800.0
572.0 -42.0 -3777.0
535.0 -42.0 -3805.0
582.0 -42.0 -3842.0
572.0 -12.0 -3847.0
592.0 -32.0 -3857.0
