2622.0 2.0 -3452.0
2802.0 170.0 -3377.0
2827.0 145.0 -3332.0
2717.0 107.0 -3420.0
2710.0 45.0 -3435.0
2712.0 75.0 -3360.0
2717.0 92.0 -3377.0
2722.0 65.0 -3420.0
2710.0 70.0 -3407.0
2747.0 92.0 -3430.0
2717.0 92.0 -3402.0
2722.0 207.0 -3392.0
2727.0 127.0 -3420.0
2700.0 137.0 -3375.0
2680.0 112.0 -3402.0
2657.0 102.0 -3412.0
2695.0 137.0 -3382.0
2665.0 112.0 -3387.0
2700.0 97.0 -3382.0
2662.0 165.0 -3412.0
2622.0 140.0 -3435.0
2662.0 137.0 -3435.0
2637.0 140.0 -3407.0
2600.0 160.0 -3382.0
2585.0 122.0 -3402.0
2567.0 170.0 -3407.0
2575.0 180.0 -3392.0
2557.0 150.0 -3440.0
2532.0 207.0 -3430.0
2547.0 207.0 -3435.0
2567.0 155.0 -3472.0
2495.0 202.0 -3435.0
2495.0 145.0 -3487.0
2552.0 132.0 -3450.0
2542.0 155.0 -3467.0
2510.0 185.0 -3482.0
2480.0 192.0 -3452.0
2490.0 185.0 -3462.0
2490.0 192.0 -3452.0
2537.0 187.0 -3392.0
2527.0 180.0 -3457.0
2390.0 185.0 -3495.0
2335.0 322.0 -3457.0
2405.0 322.0 -3487.0
2405.0 330.0 -3495.0
2467.0 425.0 -3515.0
1080.0 180.0 -3842.0
852.0 107.0 -3810.0
1537.0 75.0 -3457.0
1850.0 97.0 -3537.0
2432.0 445.0 -3420.0
2495.0 650.0 -3375.0
2452.0 740.0 -3355.0
2437.0 745.0 -3302.0
2480.0 720.0 -3340.0
2495.0 730.0 -3360.0
2495.0 645.0 -3382.0
2515.0 492.0 -3430.0
2457.0 467.0 -3482.0
2287.0 487.0 -3505.0
2310.0 555.0 -3482.0
2347.0 460.0 -3547.0
2352.0 477.0 -3532.0
2140.0 460.0 -3627.0
2077.0 472.0 -3655.0
1950.0 587.0 -3692.0
1940.0 577.0 -3720.0
1822.0 520.0 -3712.0
1760.0 435.0 -3750.0
1645.0 512.0 -3782.0
1632.0 507.0 -3787.0
1585.0 425.0 -3800.0
1522.0 402.0 -3790.0
805.0 280.0 -3782.0
777.0 270.0 -3800.0
740.0 245.0 -3805.0
877.0 292.0 -3767.0
905.0 317.0 -3772.0
887.0 302.0 -3832.0
857.0 302.0 -3842.0
915.0 317.0 -3842.0
1020.0 365.0 -3777.0
1032.0 360.0 -3837.0
1057.0 345.0 -3890.0
1522.0 275.0 -3537.0
1480.0 340.0 -3527.0
2077.0 535.0 -3740.0
2300.0 820.0 -3707.0
2242.0 787.0 -3682.0
2400.0 862.0 -3725.0
2382.0 847.0 -3832.0
2420.0 872.0 -3975.0
2437.0 767.0 -3982.0
2430.0 830.0 -3982.0
2395.0 815.0 -3987.0
2362.0 842.0 -4002.0
2400.0 820.0 -4030.0
2382.0 825.0 -4002.0
2382.0 815.0 -4015.0
2252.0 630.0 -4115.0
792.0 297.0 -3790.0
635.0 245.0 -3842.0
567.0 260.0 -3832.0
700.0 372.0 -3852.0
735.0 322.0 -3820.0
890.0 340.0 -3885.0
1027.0 392.0 -3805.0
872.0 370.0 -3992.0
782.0 372.0 -3977.0
640.0 355.0 -3975.0
572.0 325.0 -4007.0
525.0 287.0 -3997.0
990.0 515.0 -3757.0
1730.0 677.0 -3290.0
1735.0 667.0 -3257.0
1675.0 730.0 -3157.0
1717.0 782.0 -3012.0
1935.0 920.0 -2962.0
1860.0 862.0 -3007.0
1640.0 842.0 -3115.0
1460.0 777.0 -3172.0
1162.0 550.0 -3467.0
1152.0 635.0 -3467.0
2135.0 787.0 -3645.0
2325.0 1067.0 -3542.0
2362.0 1075.0 -3562.0
2287.0 847.0 -3650.0
2267.0 905.0 -3740.0
2347.0 890.0 -3757.0
2290.0 905.0 -3735.0
2377.0 920.0 -3720.0
2372.0 932.0 -3757.0
2472.0 957.0 -3697.0
2400.0 952.0 -3677.0
2400.0 882.0 -3832.0
2382.0 910.0 -3767.0
2352.0 887.0 -3767.0
2347.0 895.0 -3852.0
2347.0 887.0 -3852.0
2385.0 932.0 -3852.0
2400.0 1015.0 -3885.0
2347.0 942.0 -3865.0
2385.0 1025.0 -3895.0
2432.0 937.0 -3870.0
2475.0 990.0 -3895.0
2462.0 920.0 -3932.0
2447.0 957.0 -3975.0
2362.0 887.0 -3977.0
2802.0 1095.0 -3932.0
2827.0 1222.0 -3927.0
387.0 297.0 -3870.0
492.0 365.0 -3865.0
550.0 345.0 -3862.0
652.0 402.0 -3965.0
630.0 365.0 -3982.0
607.0 355.0 -3987.0
560.0 335.0 -4007.0
525.0 322.0 -4025.0
502.0 340.0 -3992.0
545.0 330.0 -3987.0
512.0 307.0 -3982.0
425.0 340.0 -4012.0
440.0 350.0 -3970.0
467.0 307.0 -3940.0
825.0 607.0 -3795.0
392.0 322.0 -3500.0
170.0 127.0 -3490.0
2077.0 1635.0 -3232.0
1935.0 1587.0 -3252.0
1802.0 1360.0 -3265.0
1807.0 1337.0 -3322.0
1877.0 1305.0 -3360.0
1845.0 1300.0 -3322.0
1865.0 1332.0 -3302.0
1850.0 1355.0 -3312.0
1865.0 1395.0 -3302.0
1865.0 1360.0 -3280.0
1907.0 1460.0 -3295.0
1882.0 1502.0 -3317.0
1935.0 1522.0 -3307.0
1912.0 1450.0 -3295.0
1825.0 1490.0 -3295.0
1792.0 1475.0 -3232.0
1860.0 1470.0 -3317.0
1882.0 1480.0 -3365.0
1860.0 1442.0 -3280.0
1840.0 1447.0 -3257.0
1865.0 1450.0 -3322.0
1860.0 1407.0 -3340.0
1925.0 1455.0 -3397.0
1897.0 1447.0 -3365.0
1912.0 1475.0 -3332.0
1925.0 1485.0 -3360.0
1877.0 1395.0 -3415.0
1912.0 1465.0 -3420.0
1962.0 1512.0 -3345.0
2007.0 1587.0 -3322.0
1955.0 1592.0 -3312.0
1925.0 1545.0 -3312.0
1902.0 1565.0 -3302.0
972.0 1120.0 -3172.0
952.0 1075.0 -3242.0
920.0 1042.0 -3162.0
915.0 1027.0 -3237.0
915.0 1032.0 -3182.0
947.0 1047.0 -3205.0
910.0 1047.0 -3220.0
947.0 1057.0 -3237.0
877.0 1025.0 -3210.0
862.0 995.0 -3252.0
920.0 1057.0 -3205.0
920.0 1057.0 -3232.0
947.0 1037.0 -3242.0
905.0 1062.0 -3232.0
867.0 995.0 -3280.0
910.0 995.0 -3247.0
932.0 1037.0 -3257.0
900.0 1000.0 -3265.0
872.0 985.0 -3200.0
887.0 962.0 -3225.0
890.0 952.0 -3210.0
852.0 957.0 -3262.0
877.0 1005.0 -3257.0
887.0 1010.0 -3247.0
900.0 952.0 -3257.0
872.0 957.0 -3205.0
862.0 985.0 -3210.0
905.0 977.0 -3225.0
815.0 942.0 -3265.0
852.0 952.0 -3247.0
810.0 942.0 -3262.0
847.0 952.0 -3295.0
830.0 980.0 -3237.0
820.0 977.0 -3232.0
847.0 962.0 -3242.0
872.0 957.0 -3227.0
840.0 925.0 -3257.0
910.0 937.0 -3247.0
840.0 957.0 -3237.0
820.0 905.0 -3252.0
835.0 905.0 -3225.0
867.0 937.0 -3252.0
820.0 895.0 -3285.0
842.0 925.0 -3252.0
800.0 932.0 -3237.0
777.0 920.0 -3237.0
795.0 872.0 -3270.0
782.0 905.0 -3317.0
792.0 895.0 -3242.0
782.0 857.0 -3242.0
1307.0 2087.0 -2980.0
1347.0 1935.0 -2985.0
1265.0 1735.0 -3050.0
1290.0 1770.0 -3040.0
1180.0 1850.0 -3075.0
1215.0 1867.0 -3045.0
1210.0 1902.0 -3075.0
1185.0 1912.0 -3065.0
1242.0 1872.0 -3075.0
1260.0 1897.0 -3070.0
1275.0 1892.0 -3070.0
1237.0 1897.0 -3075.0
1190.0 1902.0 -3102.0
1210.0 1902.0 -3045.0
1222.0 1892.0 -3060.0
1242.0 1902.0 -3060.0
1252.0 1907.0 -3077.0
1195.0 1902.0 -3060.0
1195.0 1915.0 -3040.0
1185.0 1892.0 -3050.0
1190.0 1912.0 -3055.0
1205.0 1920.0 -3055.0
1210.0 1960.0 -3082.0
1175.0 1915.0 -3077.0
1185.0 1950.0 -3000.0
1185.0 1940.0 -3045.0
1167.0 1950.0 -3040.0
1190.0 1962.0 -3032.0
1190.0 1892.0 -3045.0
1222.0 1960.0 -3045.0
1175.0 1920.0 -3050.0
1210.0 1930.0 -3040.0
1195.0 1955.0 -3077.0
1215.0 1972.0 -3055.0
1190.0 1897.0 -3040.0
1205.0 1892.0 -3087.0
1175.0 1887.0 -3060.0
1222.0 1877.0 -3055.0
1210.0 1892.0 -3040.0
1252.0 1935.0 -3045.0
1210.0 1945.0 -3075.0
1200.0 1892.0 -3060.0
1175.0 1920.0 -3050.0
1167.0 1877.0 -3077.0
1167.0 1892.0 -3087.0
1217.0 1912.0 -3037.0
1215.0 1850.0 -3082.0
1205.0 1860.0 -3075.0
1185.0 1812.0 -3070.0
1190.0 1840.0 -3075.0
932.0 2230.0 -3087.0
942.0 2257.0 -3125.0
930.0 2277.0 -3152.0
952.0 2242.0 -3172.0
947.0 2410.0 -3070.0
942.0 2472.0 -3120.0
1010.0 2722.0 -2970.0
1047.0 2722.0 -3022.0
1037.0 2700.0 -2990.0
1025.0 2705.0 -2980.0
1072.0 2695.0 -3032.0
1042.0 2727.0 -2990.0
1057.0 2722.0 -3002.0
1042.0 2770.0 -3002.0
1010.0 2722.0 -2990.0
1037.0 2752.0 -2980.0
1027.0 2737.0 -2970.0
1015.0 2732.0 -2952.0
1042.0 2755.0 -2985.0
1042.0 2802.0 -3022.0
1027.0 2770.0 -3000.0
1010.0 2747.0 -2970.0
1080.0 2832.0 -2985.0
1057.0 2800.0 -2995.0
1057.0 2790.0 -2947.0
1032.0 2827.0 -2957.0
1042.0 2790.0 -2975.0
1020.0 2795.0 -2995.0
1037.0 2742.0 -2962.0
1047.0 2812.0 -2980.0
1067.0 2770.0 -2952.0
1042.0 2780.0 -2990.0
1067.0 2800.0 -2985.0
1042.0 2737.0 -2957.0
1027.0 2727.0 -2932.0
1042.0 2807.0 -2975.0
1095.0 2752.0 -2962.0
1085.0 2780.0 -2952.0
1062.0 2752.0 -2957.0
1037.0 2752.0 -2990.0
1027.0 2785.0 -2990.0
1057.0 2732.0 -2942.0
1037.0 2775.0 -2990.0
1057.0 2780.0 -2985.0
1052.0 2800.0 -2985.0
1042.0 2747.0 -3002.0
1057.0 2755.0 -2962.0
1027.0 2737.0 -2947.0
1047.0 2747.0 -2985.0
1100.0 2732.0 -2975.0
545.0 2637.0 -3130.0
610.0 2585.0 -3125.0
920.0 2637.0 -3050.0
882.0 2600.0 -3070.0
925.0 2642.0 -3060.0
942.0 2647.0 -3087.0
905.0 2652.0 -3040.0
877.0 2685.0 -3077.0
925.0 2637.0 -3060.0
905.0 2605.0 -3060.0
920.0 2632.0 -3032.0
915.0 2617.0 -3055.0
942.0 2637.0 -3055.0
900.0 2642.0 -3037.0
932.0 2670.0 -3027.0
920.0 2675.0 -3032.0
900.0 2627.0 -3012.0
915.0 2680.0 -2980.0
877.0 2680.0 -3017.0
920.0 2690.0 -2990.0
887.0 2685.0 -3022.0
887.0 2642.0 -2980.0
942.0 2712.0 -2952.0
925.0 2705.0 -3027.0
942.0 2747.0 -2962.0
915.0 2705.0 -2975.0
910.0 2747.0 -3027.0
942.0 2717.0 -3022.0
920.0 2742.0 -2995.0
930.0 2785.0 -3007.0
925.0 2765.0 -2970.0
990.0 2732.0 -3000.0
962.0 2760.0 -2975.0
995.0 2752.0 -2962.0
947.0 2780.0 -2975.0
957.0 2755.0 -3017.0
980.0 2722.0 -3027.0
952.0 2742.0 -2985.0
925.0 2785.0 -2937.0
985.0 2717.0 -2957.0
977.0 2752.0 -2970.0
985.0 2717.0 -2962.0
937.0 2800.0 -2942.0
962.0 2812.0 -2965.0
977.0 2785.0 -2995.0
995.0 2742.0 -2975.0
942.0 2800.0 -2962.0
977.0 2817.0 -2942.0
980.0 2760.0 -2952.0
952.0 2790.0 -2980.0
37.0 3150.0 -3167.0
65.0 3145.0 -3152.0
60.0 3087.0 -3237.0
70.0 3070.0 -3205.0
7.0 3130.0 -3152.0
70.0 3037.0 -3225.0
127.0 2980.0 -3232.0
150.0 2902.0 -3227.0
117.0 2890.0 -3242.0
117.0 3007.0 -3232.0
22.0 3037.0 -3247.0
22.0 3045.0 -3237.0
17.0 3027.0 -3220.0
7.0 3012.0 -3210.0
7.0 3017.0 -3220.0
75.0 2902.0 -3270.0
55.0 2890.0 -3270.0
55.0 2902.0 -3232.0
92.0 2890.0 -3257.0
132.0 2907.0 -3247.0
65.0 2897.0 -3262.0
90.0 2897.0 -3227.0
102.0 2865.0 -3205.0
122.0 2875.0 -3227.0
90.0 2822.0 -3237.0
65.0 2897.0 -3295.0
55.0 2912.0 -3285.0
65.0 2880.0 -3232.0
27.0 2932.0 -3182.0
27.0 2922.0 -3225.0
65.0 2855.0 -3247.0
17.0 2865.0 -3225.0
75.0 2855.0 -3270.0
107.0 2870.0 -3232.0
55.0 2885.0 -3285.0
32.0 2937.0 -3237.0
85.0 2870.0 -3242.0
80.0 2850.0 -3252.0
85.0 2897.0 -3242.0
75.0 2822.0 -3300.0
90.0 2865.0 -3242.0
55.0 2922.0 -3247.0
102.0 2927.0 -3247.0
117.0 2880.0 -3210.0
27.0 2922.0 -3177.0
80.0 2927.0 -3187.0
92.0 2912.0 -3205.0
97.0 2860.0 -3247.0
75.0 2917.0 -3225.0
55.0 2897.0 -3257.0
-425.0 3302.0 -3285.0
-222.0 3225.0 -3312.0
-160.0 3187.0 -3285.0
-187.0 3197.0 -3270.0
-240.0 3245.0 -3280.0
-240.0 3240.0 -3302.0
-265.0 3235.0 -3257.0
-217.0 3245.0 -3252.0
-297.0 3202.0 -3252.0
-275.0 3250.0 -3290.0
-322.0 3270.0 -3295.0
-307.0 3230.0 -3275.0
-325.0 3235.0 -3300.0
-365.0 3250.0 -3295.0
-377.0 3270.0 -3265.0
-435.0 3245.0 -3300.0
-417.0 3255.0 -3200.0
-392.0 3260.0 -3242.0
-387.0 3292.0 -3295.0
-335.0 3255.0 -3237.0
-402.0 3260.0 -3257.0
-397.0 3265.0 -3252.0
-497.0 3250.0 -3280.0
-417.0 3292.0 -3242.0
-387.0 3455.0 -3195.0
-345.0 3402.0 -3232.0
-392.0 3457.0 -3237.0
-425.0 3445.0 -3215.0
-345.0 3372.0 -3232.0
-350.0 3387.0 -3227.0
-445.0 3492.0 -3210.0
-465.0 3502.0 -3200.0
-460.0 3520.0 -3145.0
-450.0 3440.0 -3162.0
-460.0 3457.0 -3190.0
-487.0 3450.0 -3162.0
-507.0 3430.0 -3157.0
-482.0 3487.0 -3177.0
-492.0 3425.0 -3215.0
-535.0 3472.0 -3210.0
-492.0 3415.0 -3210.0
-515.0 3425.0 -3190.0
-440.0 3462.0 -3220.0
-450.0 3472.0 -3190.0
-412.0 3445.0 -3177.0
-445.0 3455.0 -3195.0
-450.0 3457.0 -3200.0
-425.0 3415.0 -3162.0
-440.0 3420.0 -3200.0
-425.0 3477.0 -3210.0
-957.0 3112.0 -3547.0
-942.0 3170.0 -3542.0
-567.0 3092.0 -3477.0
-630.0 3122.0 -3505.0
-615.0 3130.0 -3500.0
-652.0 3130.0 -3457.0
-752.0 3175.0 -3452.0
-735.0 3165.0 -3445.0
-697.0 3165.0 -3445.0
-720.0 3207.0 -3415.0
-740.0 3187.0 -3452.0
-710.0 3160.0 -3467.0
-745.0 3150.0 -3445.0
-700.0 3182.0 -3425.0
-610.0 3150.0 -3430.0
-687.0 3182.0 -3440.0
-730.0 3155.0 -3402.0
-715.0 3175.0 -3397.0
-735.0 3222.0 -3382.0
-757.0 3240.0 -3402.0
-840.0 3260.0 -3392.0
-782.0 3282.0 -3412.0
-782.0 3265.0 -3375.0
-805.0 3270.0 -3392.0
-795.0 3302.0 -3452.0
-825.0 3282.0 -3415.0
-842.0 3287.0 -3360.0
-792.0 3297.0 -3397.0
-857.0 3282.0 -3355.0
-792.0 3287.0 -3382.0
-792.0 3272.0 -3355.0
-795.0 3320.0 -3340.0
-815.0 3240.0 -3312.0
-830.0 3277.0 -3397.0
-810.0 3222.0 -3397.0
-867.0 3212.0 -3415.0
-810.0 3292.0 -3407.0
-800.0 3307.0 -3407.0
-872.0 3272.0 -3377.0
-842.0 3297.0 -3377.0
-842.0 3270.0 -3392.0
-795.0 3255.0 -3402.0
-900.0 3350.0 -3450.0
-882.0 3270.0 -3365.0
-867.0 3325.0 -3340.0
-920.0 3302.0 -3340.0
-932.0 3367.0 -3360.0
-930.0 3317.0 -3370.0
-862.0 3317.0 -3382.0
-815.0 3287.0 -3382.0
-2040.0 3620.0 -3377.0
-1960.0 3625.0 -3397.0
-1987.0 3520.0 -3382.0
-2025.0 3552.0 -3382.0
-1967.0 3592.0 -3360.0
-2025.0 3557.0 -3355.0
-1987.0 3540.0 -3345.0
-1972.0 3530.0 -3377.0
-2040.0 3577.0 -3360.0
-2007.0 3535.0 -3332.0
-1982.0 3552.0 -3327.0
-1892.0 3582.0 -3375.0
-1787.0 3630.0 -3387.0
-1830.0 3630.0 -3375.0
-1850.0 3592.0 -3375.0
-1850.0 3550.0 -3350.0
-1855.0 3582.0 -3360.0
-1822.0 3577.0 -3382.0
-1822.0 3582.0 -3355.0
-1845.0 3605.0 -3345.0
-1840.0 3587.0 -3340.0
-1865.0 3600.0 -3332.0
-1865.0 3777.0 -3307.0
-1877.0 3830.0 -3295.0
-1807.0 3785.0 -3377.0
-1845.0 3832.0 -3375.0
-1727.0 3710.0 -3527.0
-1675.0 3640.0 -3547.0
-1655.0 3510.0 -3532.0
-1730.0 3492.0 -3527.0
-1707.0 3455.0 -3500.0
-1680.0 3425.0 -3420.0
-1727.0 3525.0 -3477.0
-1730.0 3492.0 -3440.0
-1765.0 3430.0 -3425.0
-1755.0 3440.0 -3425.0
-1830.0 3360.0 -3450.0
-1865.0 3362.0 -3425.0
-1850.0 3445.0 -3452.0
-1840.0 3462.0 -3412.0
-1892.0 3445.0 -3407.0
-1835.0 3372.0 -3392.0
-1882.0 3372.0 -3365.0
-1892.0 3340.0 -3397.0
-1915.0 3340.0 -3360.0
-1892.0 3345.0 -3377.0
-1950.0 3435.0 -3445.0
-1892.0 3407.0 -3327.0
-1840.0 3425.0 -3285.0
-1860.0 3415.0 -3300.0
-2790.0 3605.0 -3220.0
-2657.0 3747.0 -3195.0
-2685.0 3872.0 -3112.0
-2785.0 3762.0 -3075.0
-2662.0 3747.0 -3152.0
-2732.0 3742.0 -3130.0
-2700.0 3762.0 -3102.0
-2722.0 3742.0 -3087.0
-2742.0 3677.0 -3130.0
-2710.0 3720.0 -3172.0
-2665.0 3662.0 -3107.0
-2665.0 3695.0 -3097.0
-2652.0 3695.0 -3077.0
-2642.0 3720.0 -3077.0
-2637.0 3682.0 -3120.0
-2662.0 3657.0 -3150.0
-2637.0 3672.0 -3097.0
-2710.0 3662.0 -3130.0
-2675.0 3657.0 -3157.0
-2675.0 3640.0 -3140.0
-2647.0 3645.0 -3115.0
-2665.0 3600.0 -3130.0
-2637.0 3630.0 -3157.0
-2575.0 3647.0 -3162.0
-2622.0 3635.0 -3145.0
-2632.0 3567.0 -3177.0
-2652.0 3552.0 -3167.0
-2642.0 3600.0 -3162.0
-2642.0 3600.0 -3150.0
-2662.0 3577.0 -3190.0
-2657.0 3540.0 -3182.0
-2642.0 3545.0 -3187.0
-2662.0 3557.0 -3182.0
-2637.0 3582.0 -3177.0
-2600.0 3610.0 -3140.0
-2657.0 3587.0 -3187.0
-2665.0 3577.0 -3177.0
-2695.0 3587.0 -3150.0
-2665.0 3545.0 -3162.0
-2642.0 3535.0 -3135.0
-2615.0 3562.0 -3162.0
-2622.0 3557.0 -3200.0
-2765.0 3455.0 -3190.0
-2785.0 3445.0 -3210.0
-2770.0 3462.0 -3205.0
-2770.0 3425.0 -3210.0
-2717.0 3392.0 -3200.0
-2557.0 3467.0 -3200.0
-2710.0 3350.0 -3225.0
-2705.0 3435.0 -3205.0
-3710.0 3947.0 -3050.0
-3687.0 3995.0 -3077.0
-3690.0 3975.0 -3060.0
-3710.0 3925.0 -3065.0
-3687.0 3937.0 -3092.0
-3710.0 3957.0 -3107.0
-3720.0 3932.0 -3082.0
-3757.0 3937.0 -3065.0
-3690.0 3927.0 -3075.0
-3687.0 3927.0 -3077.0
-3682.0 3895.0 -3075.0
-3695.0 3952.0 -3097.0
-3667.0 3975.0 -3082.0
-3695.0 3937.0 -3055.0
-3752.0 3962.0 -3055.0
-3705.0 3975.0 -3037.0
-3700.0 3927.0 -3077.0
-3695.0 3995.0 -3055.0
-3705.0 3947.0 -3087.0
-3720.0 3947.0 -3077.0
-3710.0 3932.0 -3077.0
-3687.0 3947.0 -3065.0
-3752.0 3920.0 -3087.0
-3725.0 3942.0 -3065.0
-3700.0 3925.0 -3075.0
-3652.0 3975.0 -3037.0
-3747.0 3952.0 -3077.0
-3737.0 3957.0 -3040.0
-3710.0 3967.0 -3075.0
-3720.0 3990.0 -3135.0
-3700.0 3967.0 -3060.0
-3662.0 3947.0 -3027.0
-3700.0 3927.0 -3065.0
-3695.0 3927.0 -3075.0
-3710.0 3925.0 -3115.0
-3695.0 3967.0 -3022.0
-3710.0 3952.0 -3077.0
-3705.0 3975.0 -3045.0
-3672.0 3905.0 -3107.0
-3682.0 3915.0 -3070.0
-3695.0 3927.0 -3075.0
-3682.0 3927.0 -3087.0
-3662.0 3957.0 -3077.0
-3687.0 3942.0 -3077.0
-3705.0 3925.0 -3070.0
-3710.0 3900.0 -3082.0
-3700.0 3920.0 -3112.0
-3705.0 3975.0 -3082.0
-3705.0 3862.0 -3082.0
-3747.0 3900.0 -3065.0
-3695.0 2842.0 -3190.0
-3682.0 3065.0 -3055.0
-3762.0 3027.0 -3092.0
-3810.0 2970.0 -3077.0
-3805.0 2970.0 -3077.0
-3782.0 3080.0 -3092.0
-3742.0 3082.0 -3065.0
-3752.0 3040.0 -3075.0
-3737.0 3075.0 -3075.0
-3735.0 3045.0 -3055.0
-3747.0 3032.0 -3107.0
-3747.0 2990.0 -3097.0
-3705.0 2985.0 -3082.0
-3747.0 3022.0 -3107.0
-3767.0 2980.0 -3077.0
-3747.0 3002.0 -3077.0
-3725.0 2955.0 -3070.0
-3725.0 2985.0 -3075.0
-3735.0 3037.0 -3077.0
-3720.0 3007.0 -3045.0
-3730.0 3045.0 -3082.0
-3730.0 3002.0 -3092.0
-3645.0 2985.0 -3107.0
-3667.0 3017.0 -3112.0
-3720.0 2990.0 -3092.0
-3730.0 2955.0 -3045.0
-3735.0 2945.0 -3107.0
-3742.0 3002.0 -3097.0
-3735.0 3032.0 -3112.0
-3710.0 3045.0 -3102.0
-3737.0 2990.0 -3060.0
-3742.0 3002.0 -3060.0
-3710.0 2937.0 -3102.0
-3700.0 2955.0 -3082.0
-3725.0 2970.0 -3107.0
-3730.0 2997.0 -3112.0
-3705.0 3002.0 -3125.0
-3700.0 2965.0 -3097.0
-3710.0 2965.0 -3092.0
-3700.0 2937.0 -3077.0
-3682.0 2942.0 -3077.0
-3710.0 2942.0 -3092.0
-3720.0 2932.0 -3102.0
-3700.0 2922.0 -3065.0
-3695.0 2960.0 -3070.0
-3677.0 2970.0 -3102.0
-3700.0 3007.0 -3082.0
-3710.0 3002.0 -3070.0
-3687.0 2985.0 -3102.0
-3677.0 2965.0 -3097.0
-2195.0 967.0 -3265.0
-1412.0 672.0 -3060.0
-3317.0 1385.0 -2957.0
-2632.0 1190.0 -3225.0
-4052.0 1507.0 -3890.0
-3937.0 1537.0 -3890.0
-3402.0 1912.0 -3880.0
-3545.0 1935.0 -3862.0
-3592.0 1735.0 -3885.0
-3625.0 1802.0 -3932.0
-3557.0 1792.0 -3937.0
-3630.0 1782.0 -3945.0
-3587.0 1887.0 -3940.0
-3557.0 1925.0 -3927.0
-3672.0 1920.0 -3927.0
-3645.0 1892.0 -3917.0
-3625.0 1877.0 -3907.0
-3625.0 1855.0 -3875.0
-3700.0 1872.0 -3900.0
-3657.0 1902.0 -3927.0
-3645.0 1907.0 -3907.0
-3700.0 1887.0 -3982.0
-3710.0 1955.0 -3940.0
-3715.0 1935.0 -3950.0
-3777.0 1960.0 -3950.0
-3657.0 1945.0 -3965.0
-3672.0 2010.0 -3965.0
-3735.0 2077.0 -3932.0
-3710.0 2057.0 -3970.0
-3742.0 2067.0 -3927.0
-3672.0 2097.0 -3960.0
-3657.0 2110.0 -3895.0
-3710.0 2130.0 -3907.0
-3672.0 2102.0 -3912.0
-3705.0 2097.0 -3917.0
-3690.0 2077.0 -3922.0
-3715.0 2087.0 -3917.0
-3720.0 2125.0 -3890.0
-3752.0 2072.0 -3917.0
-3762.0 2092.0 -3922.0
-3730.0 2115.0 -3922.0
-3767.0 2097.0 -3940.0
-3790.0 2125.0 -3970.0
-3785.0 2140.0 -3922.0
-3767.0 2162.0 -3912.0
-3725.0 2102.0 -3955.0
-3647.0 2077.0 -3982.0
-3652.0 2102.0 -4012.0
-3640.0 2072.0 -3955.0
-3672.0 2105.0 -3970.0
-952.0 312.0 -3360.0
-577.0 170.0 -3055.0
-2020.0 377.0 -3040.0
-985.0 287.0 -3495.0
-3880.0 782.0 -3880.0
-3837.0 777.0 -3902.0
-3837.0 747.0 -3927.0
-3890.0 830.0 -3912.0
-3900.0 890.0 -3847.0
-3900.0 795.0 -3862.0
-3877.0 767.0 -3900.0
-3832.0 725.0 -3880.0
-3925.0 787.0 -3870.0
-3742.0 782.0 -3945.0
-3925.0 882.0 -3885.0
-3942.0 852.0 -3982.0
-3937.0 852.0 -3852.0
-3920.0 847.0 -3827.0
-3975.0 840.0 -3870.0
-4015.0 887.0 -3890.0
-4010.0 877.0 -3885.0
-4042.0 895.0 -3885.0
-4047.0 842.0 -3880.0
-4070.0 905.0 -3865.0
-4090.0 890.0 -3900.0
-4057.0 847.0 -3960.0
-4122.0 867.0 -3895.0
-4042.0 847.0 -3890.0
-4100.0 840.0 -3912.0
-4015.0 882.0 -3902.0
-3980.0 887.0 -3950.0
-3975.0 937.0 -3937.0
-3895.0 840.0 -3987.0
-3970.0 857.0 -3945.0
-4062.0 857.0 -3890.0
-4180.0 872.0 -3862.0
-4185.0 932.0 -3902.0
-4190.0 890.0 -3922.0
-4297.0 980.0 -3880.0
-4217.0 942.0 -3900.0
-4342.0 937.0 -3912.0
-4247.0 932.0 -3902.0
-4260.0 937.0 -3875.0
-4260.0 895.0 -3875.0
-4205.0 890.0 -3875.0
-4260.0 937.0 -3820.0
-4252.0 915.0 -3922.0
-4260.0 947.0 -3870.0
-4195.0 900.0 -3907.0
-4127.0 887.0 -3890.0
-2807.0 232.0 -4030.0
-2807.0 317.0 -3987.0
-2822.0 322.0 -3997.0
-2785.0 245.0 -3975.0
-2802.0 280.0 -4007.0
-2802.0 240.0 -4007.0
-2907.0 12.0 -3960.0
-2927.0 17.0 -3912.0
-3932.0 65.0 -3622.0
-3980.0 222.0 -3660.0
-4005.0 397.0 -3585.0
-3975.0 382.0 -3617.0
-3947.0 430.0 -3645.0
-3957.0 487.0 -3640.0
-3985.0 387.0 -3640.0
-4000.0 372.0 -3607.0
-3932.0 330.0 -3682.0
-3970.0 297.0 -3637.0
-3947.0 370.0 -3632.0
-3932.0 397.0 -3622.0
-3830.0 350.0 -3655.0
-3905.0 330.0 -3682.0
-3915.0 325.0 -3687.0
-3942.0 317.0 -3702.0
-3925.0 275.0 -3740.0
-3957.0 232.0 -3725.0
-3937.0 212.0 -3697.0
-4032.0 217.0 -3692.0
-4152.0 132.0 -3697.0
-4205.0 212.0 -3687.0
-4152.0 192.0 -3712.0
-4180.0 170.0 -3670.0
-4180.0 212.0 -3660.0
-4132.0 185.0 -3750.0
-4117.0 145.0 -3702.0
-4147.0 102.0 -3725.0
-4142.0 102.0 -3720.0
-4132.0 122.0 -3752.0
-4180.0 112.0 -3805.0
-4200.0 117.0 -3740.0
-4160.0 185.0 -3725.0
-4217.0 127.0 -3715.0
-4185.0 197.0 -3777.0
-4227.0 187.0 -3790.0
-4227.0 160.0 -3810.0
-4170.0 187.0 -3800.0
-4017.0 155.0 -3832.0
-3937.0 255.0 -3842.0
-3952.0 165.0 -3862.0
-3942.0 97.0 -3895.0
-2062.0 -17.0 -3332.0
-752.0 -22.0 -3312.0
-700.0 -17.0 -3440.0
-2330.0 -155.0 -2670.0
-2425.0 -145.0 -4175.0
-2615.0 -165.0 -4120.0
-2850.0 -42.0 -3960.0
-2700.0 -165.0 -4002.0
-2670.0 -175.0 -4050.0
-2700.0 -85.0 -4007.0
-2717.0 -50.0 -4025.0
-2705.0 -75.0 -3992.0
-2732.0 -112.0 -4040.0
-2765.0 -85.0 -3982.0
-2752.0 -140.0 -4050.0
-2695.0 -140.0 -4020.0
-2680.0 -155.0 -4012.0
-2710.0 -155.0 -4025.0
-2722.0 -112.0 -4002.0
-2680.0 -92.0 -3977.0
-2680.0 -32.0 -3970.0
-2690.0 -55.0 -4002.0
-2652.0 -90.0 -4012.0
-2695.0 -55.0 -4025.0
-2722.0 0.0 -4007.0
-2637.0 -45.0 -3992.0
-2680.0 -65.0 -4020.0
-2657.0 -90.0 -3992.0
-2615.0 -137.0 -4030.0
-2647.0 -132.0 -4045.0
-2585.0 -192.0 -4030.0
-2637.0 -175.0 -3975.0
-2662.0 -155.0 -3970.0
-2662.0 -145.0 -3982.0
-2670.0 -92.0 -3982.0
-2670.0 -90.0 -4007.0
-2615.0 -137.0 -4002.0
-2637.0 -150.0 -4015.0
-2632.0 -180.0 -3982.0
-2675.0 -192.0 -4015.0
-2722.0 -97.0 -4030.0
-2795.0 -55.0 -3937.0
-2842.0 -50.0 -3927.0
-2955.0 -37.0 -3885.0
-2932.0 -150.0 -3862.0
-2880.0 -307.0 -3895.0
-905.0 -50.0 -3450.0
-1555.0 -132.0 -3332.0
-1342.0 -175.0 -3487.0
-4032.0 -562.0 -3477.0
-2357.0 -562.0 -3187.0
-942.0 -175.0 -2927.0
-1390.0 -492.0 -4265.0
-1665.0 -322.0 -4282.0
-3477.0 -1260.0 -3525.0
-3667.0 -1215.0 -3525.0
-3710.0 -1132.0 -3552.0
-3800.0 -915.0 -3527.0
-3825.0 -857.0 -3537.0
-3292.0 -582.0 -3837.0
-3312.0 -640.0 -3825.0
-3320.0 -692.0 -3837.0
-3317.0 -607.0 -3852.0
-3307.0 -630.0 -3795.0
-3225.0 -572.0 -3827.0
-3450.0 -672.0 -3750.0
-3425.0 -772.0 -3750.0
-3362.0 -952.0 -3665.0
-3255.0 -972.0 -3735.0
-3160.0 -1090.0 -3735.0
-3217.0 -1147.0 -3805.0
-2902.0 -1042.0 -3757.0
-2880.0 -1015.0 -3795.0
-2897.0 -1025.0 -3805.0
-2907.0 -1052.0 -3697.0
-2927.0 -1020.0 -3735.0
-2895.0 -977.0 -3762.0
-2917.0 -962.0 -3762.0
-2895.0 -957.0 -3777.0
-2860.0 -985.0 -3712.0
-2880.0 -1015.0 -3752.0
-2917.0 -1020.0 -3730.0
-2975.0 -947.0 -3752.0
-2980.0 -967.0 -3715.0
-2907.0 -942.0 -3762.0
-2955.0 -930.0 -3752.0
-2907.0 -925.0 -3720.0
-2902.0 -925.0 -3772.0
-2965.0 -890.0 -3712.0
-2960.0 -972.0 -3687.0
-2917.0 -985.0 -3752.0
-2942.0 -985.0 -3725.0
-2902.0 -925.0 -3752.0
-2890.0 -947.0 -3762.0
-2917.0 -947.0 -3757.0
-2907.0 -910.0 -3787.0
-2897.0 -962.0 -3772.0
-2890.0 -925.0 -3740.0
-2907.0 -942.0 -3750.0
-2950.0 -932.0 -3762.0
-800.0 -407.0 -3152.0
-502.0 -265.0 -3640.0
-652.0 -302.0 -3575.0
-3382.0 -1257.0 -3645.0
-3825.0 -1682.0 -3542.0
-1682.0 -657.0 -3725.0
-1920.0 -1105.0 -3805.0
-2932.0 -1655.0 -4170.0
-3392.0 -1390.0 -3537.0
-3410.0 -1670.0 -3495.0
-3387.0 -1727.0 -3425.0
-3550.0 -1460.0 -3425.0
-3587.0 -1327.0 -3477.0
-3040.0 -1185.0 -3735.0
-3012.0 -1132.0 -3692.0
-2932.0 -1080.0 -3735.0
-2912.0 -1062.0 -3745.0
-2907.0 -1067.0 -3762.0
-2895.0 -1080.0 -3745.0
-2942.0 -1152.0 -3697.0
-2907.0 -1170.0 -3677.0
-2885.0 -1217.0 -3702.0
-2832.0 -1190.0 -3670.0
-2897.0 -1057.0 -3707.0
-2817.0 -1157.0 -3750.0
-2752.0 -1242.0 -3757.0
-2590.0 -1395.0 -3715.0
-2657.0 -1352.0 -3697.0
-2680.0 -1370.0 -3725.0
-2755.0 -1347.0 -3725.0
-2710.0 -1400.0 -3687.0
-2732.0 -1347.0 -3665.0
-2775.0 -1307.0 -3655.0
-2752.0 -1305.0 -3712.0
-2737.0 -1275.0 -3697.0
-2705.0 -1247.0 -3702.0
-2807.0 -1295.0 -3720.0
-2765.0 -1317.0 -3720.0
-2737.0 -1300.0 -3735.0
-2770.0 -1285.0 -3715.0
-2700.0 -1332.0 -3715.0
-2695.0 -1260.0 -3772.0
-2760.0 -1185.0 -3725.0
-2737.0 -1215.0 -3735.0
-2705.0 -1265.0 -3740.0
-2700.0 -1252.0 -3730.0
-2712.0 -1190.0 -3762.0
-2670.0 -1200.0 -3730.0
-2712.0 -1217.0 -3800.0
-2755.0 -1247.0 -3805.0
-1147.0 -720.0 -2990.0
-1115.0 -747.0 -3125.0
-1570.0 -952.0 -3285.0
-1722.0 -1327.0 -3232.0
-2230.0 -1670.0 -3112.0
-2562.0 -1735.0 -3182.0
-4112.0 -2552.0 -2357.0
-3852.0 -2457.0 -2437.0
-3420.0 -2457.0 -2712.0
-3250.0 -2615.0 -2807.0
-3037.0 -2320.0 -3820.0
-3270.0 -1935.0 -3752.0
-2575.0 -1517.0 -3712.0
-2537.0 -1592.0 -3730.0
-2562.0 -1495.0 -3730.0
-2575.0 -1517.0 -3730.0
-2515.0 -1570.0 -3745.0
-2522.0 -1490.0 -3725.0
-2557.0 -1512.0 -3757.0
-2505.0 -1502.0 -3787.0
-2567.0 -1522.0 -3752.0
-2532.0 -1470.0 -3750.0
-2562.0 -1497.0 -3715.0
-2585.0 -1545.0 -3735.0
-2570.0 -1575.0 -3725.0
-2557.0 -1555.0 -3697.0
-2532.0 -1537.0 -3707.0
-2532.0 -1537.0 -3712.0
-2515.0 -1545.0 -3707.0
-2537.0 -1580.0 -3712.0
-2527.0 -1585.0 -3725.0
-2547.0 -1575.0 -3707.0
-2567.0 -1522.0 -3730.0
-2562.0 -1575.0 -3757.0
-2590.0 -1532.0 -3745.0
-2610.0 -1560.0 -3697.0
-2537.0 -1545.0 -3712.0
-2585.0 -1512.0 -3707.0
-2595.0 -1517.0 -3692.0
-2580.0 -1522.0 -3715.0
-2547.0 -1512.0 -3707.0
-2520.0 -1502.0 -3687.0
-2547.0 -1517.0 -3735.0
-2547.0 -1502.0 -3712.0
-2567.0 -1485.0 -3702.0
-2585.0 -1537.0 -3735.0
-2520.0 -1522.0 -3730.0
-2580.0 -1532.0 -3762.0
-2537.0 -1495.0 -3762.0
-2600.0 -1537.0 -3720.0
-2045.0 -1945.0 -3295.0
-2917.0 -2562.0 -4077.0
-2055.0 -1945.0 -3660.0
-1982.0 -2002.0 -3715.0
-1855.0 -2062.0 -3660.0
-1860.0 -2097.0 -3707.0
-1930.0 -2010.0 -3730.0
-1945.0 -1982.0 -3677.0
-1987.0 -2002.0 -3715.0
-1982.0 -1997.0 -3687.0
-1962.0 -1945.0 -3730.0
-1955.0 -1962.0 -3752.0
-1962.0 -1955.0 -3655.0
-1962.0 -1977.0 -3687.0
-1972.0 -1992.0 -3715.0
-1967.0 -2010.0 -3665.0
-1962.0 -1982.0 -3687.0
-2015.0 -1987.0 -3702.0
-2020.0 -2015.0 -3650.0
-1992.0 -1987.0 -3670.0
-2020.0 -1960.0 -3697.0
-1972.0 -2035.0 -3682.0
-1972.0 -1997.0 -3697.0
-2002.0 -2045.0 -3707.0
-1967.0 -2055.0 -3655.0
-1997.0 -2045.0 -3660.0
-2002.0 -2040.0 -3645.0
-1992.0 -2050.0 -3702.0
-1992.0 -2025.0 -3637.0
-1982.0 -1992.0 -3675.0
-1897.0 -2010.0 -3712.0
-1935.0 -2055.0 -3665.0
-1955.0 -2040.0 -3670.0
-1987.0 -2045.0 -3670.0
-1940.0 -2082.0 -3707.0
-1962.0 -2057.0 -3677.0
-1962.0 -2030.0 -3687.0
-1945.0 -2055.0 -3682.0
-1977.0 -2077.0 -3660.0
-2007.0 -2040.0 -3675.0
-1955.0 -2092.0 -3697.0
-1972.0 -2055.0 -3720.0
-1987.0 -2057.0 -3687.0
-1955.0 -2030.0 -3720.0
-1915.0 -2087.0 -3715.0
-1907.0 -2062.0 -3682.0
-1920.0 -2067.0 -3665.0
-1960.0 -2077.0 -3675.0
-1930.0 -2040.0 -3720.0
-1912.0 -2105.0 -3692.0
-1442.0 -1977.0 -3300.0
-672.0 -1157.0 -4132.0
-1470.0 -2362.0 -3430.0
-1825.0 -2200.0 -3675.0
-1640.0 -2277.0 -3665.0
-1495.0 -2432.0 -3640.0
-1550.0 -2437.0 -3632.0
-1580.0 -2395.0 -3602.0
-1607.0 -2357.0 -3570.0
-1585.0 -2382.0 -3537.0
-1565.0 -2400.0 -3600.0
-1597.0 -2432.0 -3585.0
-1565.0 -2430.0 -3562.0
-1640.0 -2300.0 -3590.0
-1692.0 -2315.0 -3612.0
-1682.0 -2325.0 -3607.0
-1712.0 -2310.0 -3637.0
-1687.0 -2372.0 -3602.0
-1670.0 -2347.0 -3607.0
-1640.0 -2382.0 -3557.0
-1617.0 -2400.0 -3600.0
-1575.0 -2377.0 -3607.0
-1635.0 -2372.0 -3595.0
-1650.0 -2347.0 -3607.0
-1660.0 -2395.0 -3617.0
-1585.0 -2362.0 -3575.0
-1555.0 -2385.0 -3585.0
-1597.0 -2405.0 -3595.0
-1575.0 -2367.0 -3640.0
-1587.0 -2377.0 -3607.0
-1585.0 -2425.0 -3590.0
-1580.0 -2420.0 -3565.0
-1602.0 -2425.0 -3585.0
-1587.0 -2415.0 -3602.0
-1597.0 -2415.0 -3595.0
-1565.0 -2352.0 -3612.0
-1580.0 -2357.0 -3575.0
-1560.0 -2362.0 -3585.0
-1570.0 -2362.0 -3565.0
-1585.0 -2367.0 -3562.0
-1560.0 -2420.0 -3632.0
-1607.0 -2395.0 -3602.0
-1627.0 -2415.0 -3600.0
-1660.0 -2425.0 -3617.0
-1650.0 -2405.0 -3595.0
-1640.0 -2420.0 -3532.0
-1627.0 -2410.0 -3547.0
-1575.0 -2425.0 -3595.0
-1560.0 -2415.0 -3607.0
-1550.0 -2452.0 -3580.0
-467.0 -1265.0 -3992.0
-455.0 -1190.0 -4072.0
-562.0 -1162.0 -4090.0
-587.0 -1122.0 -4082.0
-587.0 -1127.0 -4040.0
-540.0 -1167.0 -4095.0
-492.0 -1210.0 -4087.0
-535.0 -1210.0 -4052.0
-502.0 -1190.0 -4052.0
-545.0 -1232.0 -4062.0
-535.0 -1185.0 -4132.0
-477.0 -1227.0 -4115.0
-477.0 -1232.0 -4062.0
-477.0 -1180.0 -4067.0
-455.0 -1190.0 -4072.0
-482.0 -1210.0 -4072.0
-492.0 -1152.0 -4067.0
-545.0 -1167.0 -4025.0
-535.0 -1152.0 -4087.0
-530.0 -1167.0 -4045.0
-540.0 -1237.0 -4057.0
-535.0 -1185.0 -4067.0
-507.0 -1157.0 -4057.0
-545.0 -1195.0 -4067.0
-545.0 -1222.0 -4045.0
-530.0 -1227.0 -4087.0
-582.0 -1180.0 -4077.0
-615.0 -1152.0 -4057.0
-560.0 -1247.0 -4045.0
-512.0 -1242.0 -4057.0
-530.0 -1215.0 -4090.0
-555.0 -1217.0 -4110.0
-577.0 -1237.0 -4105.0
-610.0 -1185.0 -4105.0
-535.0 -1247.0 -4072.0
-525.0 -1217.0 -4115.0
-620.0 -1222.0 -4142.0
-650.0 -1232.0 -4132.0
-607.0 -1210.0 -4062.0
-602.0 -1195.0 -4095.0
-652.0 -1195.0 -4095.0
-1190.0 -2510.0 -3462.0
-1122.0 -3017.0 -3205.0
-1327.0 -2590.0 -3270.0
-1322.0 -3387.0 -3055.0
-1570.0 -3505.0 -2990.0
-1347.0 -2452.0 -3575.0
-1332.0 -2515.0 -3552.0
-1115.0 -2537.0 -3547.0
-1147.0 -2575.0 -3537.0
-487.0 -2210.0 -3295.0
-280.0 -1295.0 -4072.0
-245.0 -1257.0 -4050.0
-430.0 -1210.0 -4082.0
-412.0 -1232.0 -4072.0
-340.0 -1342.0 -4040.0
-412.0 -1257.0 -4030.0
-417.0 -1285.0 -4030.0
-297.0 -1300.0 -3992.0
-360.0 -1295.0 -4052.0
-325.0 -1307.0 -4002.0
-330.0 -1285.0 -4020.0
-377.0 -1260.0 -4025.0
-372.0 -1260.0 -4040.0
-402.0 -1285.0 -4062.0
-292.0 -1275.0 -4035.0
-317.0 -1307.0 -4072.0
-355.0 -1300.0 -4052.0
-330.0 -1217.0 -4035.0
-350.0 -1227.0 -4030.0
-335.0 -1242.0 -4072.0
-335.0 -1257.0 -4052.0
-340.0 -1270.0 -4035.0
-312.0 -1247.0 -4045.0
-322.0 -1257.0 -4062.0
-345.0 -1270.0 -4087.0
-317.0 -1257.0 -4040.0
-297.0 -1295.0 -4052.0
-287.0 -1257.0 -4067.0
-270.0 -1242.0 -4050.0
-322.0 -1242.0 -4050.0
-275.0 -1215.0 -4090.0
-307.0 -1237.0 -4012.0
-317.0 -1217.0 -4057.0
-287.0 -1300.0 -4045.0
-350.0 -1257.0 -4050.0
-365.0 -1247.0 -4062.0
-287.0 -1280.0 -4077.0
-297.0 -1270.0 -4045.0
-270.0 -1222.0 -4045.0
-275.0 -1247.0 -4105.0
-275.0 -1265.0 -4077.0
-322.0 -1227.0 -4052.0
-312.0 -1265.0 -4062.0
-312.0 -1290.0 -4040.0
-330.0 -1260.0 -4050.0
-350.0 -1195.0 -4115.0
-325.0 -1227.0 -4072.0
-307.0 -1217.0 -4072.0
-387.0 -1242.0 -4025.0
-340.0 -2235.0 -3232.0
-27.0 -1365.0 -3997.0
-85.0 -1355.0 -3970.0
-150.0 -1285.0 -3960.0
-117.0 -1280.0 -3940.0
-42.0 -1327.0 -3965.0
-37.0 -1337.0 -4012.0
-12.0 -1312.0 -3982.0
-27.0 -1312.0 -3982.0
-22.0 -1352.0 -3977.0
-70.0 -1332.0 -3932.0
-92.0 -1360.0 -3940.0
-32.0 -1355.0 -3977.0
-50.0 -1322.0 -3937.0
-55.0 -1305.0 -3937.0
-37.0 -1385.0 -3965.0
-65.0 -1365.0 -3912.0
-55.0 -1322.0 -3945.0
-92.0 -1375.0 -3960.0
-97.0 -1370.0 -3977.0
-107.0 -1352.0 -3895.0
-117.0 -1375.0 -3932.0
-92.0 -1395.0 -3965.0
-90.0 -1380.0 -3917.0
-85.0 -1360.0 -3965.0
-92.0 -1390.0 -3982.0
-65.0 -1370.0 -3940.0
-92.0 -1352.0 -3970.0
-50.0 -1337.0 -3945.0
-75.0 -1355.0 -3977.0
-80.0 -1327.0 -3970.0
-70.0 -1307.0 -3945.0
-107.0 -1337.0 -3982.0
-80.0 -1327.0 -3992.0
-122.0 -1332.0 -3997.0
-145.0 -1307.0 -4007.0
-132.0 -1355.0 -3977.0
-102.0 -1275.0 -3992.0
-127.0 -1252.0 -3970.0
-150.0 -1300.0 -4012.0
-137.0 -1307.0 -4030.0
-117.0 -1327.0 -3975.0
-175.0 -1332.0 -4007.0
-160.0 -1290.0 -4012.0
-155.0 -1285.0 -3987.0
-160.0 -1332.0 -4020.0
-185.0 -1317.0 -4025.0
-155.0 -1285.0 -4040.0
-97.0 -1337.0 -4035.0
-197.0 -1342.0 -4052.0
197.0 -1312.0 -3927.0
155.0 -1265.0 -3987.0
65.0 -1180.0 -3977.0
70.0 -1170.0 -4015.0
165.0 -1380.0 -3902.0
17.0 -1355.0 -3900.0
65.0 -1337.0 -3960.0
37.0 -1342.0 -3977.0
45.0 -1412.0 -3970.0
37.0 -1355.0 -3940.0
37.0 -1347.0 -3945.0
0.0 -1337.0 -3917.0
102.0 -1317.0 -3927.0
65.0 -1322.0 -3922.0
140.0 -1307.0 -3917.0
65.0 -1322.0 -3970.0
122.0 -1352.0 -3965.0
80.0 -1332.0 -4002.0
107.0 -1332.0 -3937.0
112.0 -1347.0 -3970.0
117.0 -1360.0 -3945.0
90.0 -1352.0 -3922.0
127.0 -1342.0 -3977.0
122.0 -1375.0 -3950.0
117.0 -1360.0 -3970.0
160.0 -1380.0 -3970.0
155.0 -1355.0 -3960.0
145.0 -1385.0 -3970.0
122.0 -1322.0 -3955.0
122.0 -1332.0 -3977.0
175.0 -1300.0 -3982.0
137.0 -1337.0 -3965.0
55.0 -1337.0 -3992.0
92.0 -1337.0 -3997.0
132.0 -1337.0 -3977.0
117.0 -1347.0 -3977.0
107.0 -1347.0 -3960.0
112.0 -1342.0 -3950.0
107.0 -1380.0 -3975.0
112.0 -1355.0 -3982.0
175.0 -1322.0 -4007.0
192.0 -1365.0 -3965.0
202.0 -1402.0 -3977.0
222.0 -1375.0 -4007.0
127.0 -1365.0 -3960.0
140.0 -1327.0 -3992.0
145.0 -1365.0 -3965.0
107.0 -1385.0 -3922.0
127.0 -1400.0 -3975.0
170.0 -1342.0 -4002.0
137.0 -700.0 -3082.0
235.0 -667.0 -3752.0
472.0 -1417.0 -3940.0
402.0 -1370.0 -3945.0
335.0 -1300.0 -3955.0
302.0 -1200.0 -3932.0
382.0 -1215.0 -3927.0
382.0 -1237.0 -3982.0
355.0 -1260.0 -3927.0
387.0 -1327.0 -3945.0
360.0 -1317.0 -3970.0
417.0 -1295.0 -3950.0
397.0 -1305.0 -3895.0
397.0 -1260.0 -3917.0
430.0 -1260.0 -3917.0
450.0 -1322.0 -3917.0
467.0 -1290.0 -3900.0
440.0 -1295.0 -3950.0
412.0 -1270.0 -3965.0
420.0 -1332.0 -3937.0
382.0 -1337.0 -3902.0
382.0 -1332.0 -3922.0
360.0 -1332.0 -3922.0
430.0 -1305.0 -3950.0
435.0 -1322.0 -3955.0
445.0 -1312.0 -3912.0
455.0 -1327.0 -3895.0
382.0 -1280.0 -3927.0
435.0 -1295.0 -3965.0
407.0 -1300.0 -3932.0
445.0 -1317.0 -3927.0
412.0 -1285.0 -3922.0
365.0 -1327.0 -3945.0
360.0 -1285.0 -3940.0
387.0 -1295.0 -3960.0
420.0 -1322.0 -3937.0
412.0 -1332.0 -3982.0
460.0 -1370.0 -3932.0
440.0 -1322.0 -3950.0
350.0 -1317.0 -3975.0
345.0 -1257.0 -3987.0
445.0 -1342.0 -3945.0
440.0 -1317.0 -3975.0
465.0 -1347.0 -3937.0
455.0 -1375.0 -3912.0
412.0 -1370.0 -3927.0
382.0 -1355.0 -3960.0
377.0 -1342.0 -3890.0
392.0 -1365.0 -3940.0
330.0 -1327.0 -3900.0
792.0 -1892.0 -3157.0
260.0 -662.0 -3707.0
345.0 -615.0 -3767.0
682.0 -1312.0 -3820.0
645.0 -1307.0 -3842.0
650.0 -1322.0 -3790.0
662.0 -1290.0 -3805.0
640.0 -1280.0 -3827.0
582.0 -1265.0 -3832.0
710.0 -1280.0 -3842.0
700.0 -1260.0 -3820.0
697.0 -1312.0 -3852.0
625.0 -1295.0 -3810.0
650.0 -1317.0 -3805.0
677.0 -1322.0 -3847.0
662.0 -1352.0 -3885.0
700.0 -1352.0 -3847.0
730.0 -1385.0 -3827.0
697.0 -1342.0 -3825.0
767.0 -1360.0 -3832.0
757.0 -1347.0 -3832.0
705.0 -1380.0 -3885.0
767.0 -1402.0 -3842.0
650.0 -1517.0 -3805.0
650.0 -1475.0 -3880.0
602.0 -1450.0 -3847.0
672.0 -1465.0 -3895.0
687.0 -1427.0 -3902.0
762.0 -1427.0 -3895.0
672.0 -1407.0 -3865.0
667.0 -1422.0 -3885.0
650.0 -1475.0 -3895.0
700.0 -1422.0 -3890.0
692.0 -1480.0 -3900.0
667.0 -1450.0 -3902.0
692.0 -1395.0 -3875.0
710.0 -1380.0 -3902.0
672.0 -1422.0 -3922.0
650.0 -1422.0 -3922.0
667.0 -1442.0 -3937.0
682.0 -1402.0 -3917.0
635.0 -1427.0 -3927.0
652.0 -1465.0 -3917.0
687.0 -1447.0 -3890.0
687.0 -1427.0 -3917.0
635.0 -1385.0 -3977.0
700.0 -1375.0 -3965.0
692.0 -1402.0 -3890.0
662.0 -1412.0 -3900.0
610.0 -1402.0 -3965.0
540.0 -682.0 -3065.0
455.0 -630.0 -3055.0
492.0 -687.0 -3787.0
752.0 -932.0 -3762.0
700.0 -915.0 -3772.0
705.0 -847.0 -3810.0
687.0 -847.0 -3847.0
705.0 -857.0 -3795.0
705.0 -847.0 -3832.0
677.0 -847.0 -3810.0
710.0 -895.0 -3852.0
650.0 -842.0 -3862.0
652.0 -872.0 -3865.0
677.0 -937.0 -3827.0
625.0 -905.0 -3862.0
650.0 -900.0 -3815.0
645.0 -910.0 -3837.0
715.0 -895.0 -3777.0
682.0 -890.0 -3777.0
667.0 -915.0 -3880.0
662.0 -895.0 -3852.0
730.0 -895.0 -3820.0
652.0 -852.0 -3790.0
687.0 -877.0 -3767.0
635.0 -857.0 -3782.0
687.0 -890.0 -3787.0
697.0 -932.0 -3767.0
730.0 -977.0 -3795.0
710.0 -947.0 -3772.0
715.0 -980.0 -3730.0
735.0 -1020.0 -3750.0
805.0 -1025.0 -3750.0
772.0 -990.0 -3782.0
747.0 -1032.0 -3762.0
740.0 -1042.0 -3757.0
692.0 -1067.0 -3805.0
715.0 -1095.0 -3787.0
752.0 -1075.0 -3757.0
752.0 -1072.0 -3772.0
810.0 -1067.0 -3772.0
795.0 -1047.0 -3820.0
800.0 -1127.0 -3787.0
777.0 -1110.0 -3790.0
772.0 -1122.0 -3825.0
787.0 -1127.0 -3767.0
740.0 -1105.0 -3762.0
762.0 -1167.0 -3772.0
715.0 -1142.0 -3815.0
710.0 -1162.0 -3862.0
772.0 -1180.0 -3885.0
815.0 -697.0 -3102.0
1280.0 -1495.0 -3177.0
507.0 -455.0 -3675.0
730.0 -652.0 -3637.0
672.0 -730.0 -3697.0
692.0 -687.0 -3740.0
715.0 -757.0 -3790.0
840.0 -777.0 -3712.0
820.0 -762.0 -3735.0
782.0 -777.0 -3725.0
840.0 -792.0 -3725.0
882.0 -842.0 -3707.0
900.0 -857.0 -3725.0
972.0 -857.0 -3772.0
930.0 -820.0 -3745.0
1015.0 -852.0 -3735.0
990.0 -852.0 -3712.0
980.0 -842.0 -3707.0
977.0 -877.0 -3707.0
937.0 -835.0 -3740.0
952.0 -805.0 -3720.0
952.0 -805.0 -3750.0
952.0 -825.0 -3762.0
957.0 -815.0 -3720.0
937.0 -840.0 -3720.0
920.0 -852.0 -3752.0
895.0 -835.0 -3740.0
900.0 -842.0 -3782.0
877.0 -835.0 -3762.0
925.0 -857.0 -3735.0
957.0 -882.0 -3777.0
942.0 -890.0 -3772.0
900.0 -890.0 -3730.0
895.0 -895.0 -3720.0
882.0 -957.0 -3745.0
915.0 -957.0 -3767.0
910.0 -920.0 -3815.0
942.0 -947.0 -3750.0
932.0 -925.0 -3752.0
977.0 -915.0 -3787.0
995.0 -872.0 -3757.0
1000.0 -915.0 -3795.0
990.0 -890.0 -3787.0
1005.0 -900.0 -3735.0
977.0 -920.0 -3750.0
1042.0 -882.0 -3767.0
1010.0 -905.0 -3757.0
1027.0 -937.0 -3735.0
1025.0 -900.0 -3752.0
1000.0 -890.0 -3757.0
1252.0 -1027.0 -3082.0
1442.0 -887.0 -3195.0
995.0 -650.0 -3225.0
990.0 -825.0 -3275.0
1115.0 -705.0 -3317.0
1132.0 -767.0 -3377.0
2590.0 -1502.0 -3280.0
2520.0 -1545.0 -3290.0
2580.0 -1512.0 -3295.0
2637.0 -1532.0 -3295.0
2670.0 -1592.0 -3300.0
2695.0 -1635.0 -3332.0
2680.0 -1627.0 -3317.0
2680.0 -1607.0 -3345.0
2670.0 -1597.0 -3332.0
2680.0 -1597.0 -3327.0
2632.0 -1565.0 -3317.0
2637.0 -1555.0 -3327.0
2690.0 -1612.0 -3495.0
2717.0 -1660.0 -3450.0
2760.0 -1635.0 -3425.0
2817.0 -1712.0 -3440.0
2832.0 -1727.0 -3490.0
2850.0 -1687.0 -3500.0
2822.0 -1680.0 -3487.0
2907.0 -1825.0 -3542.0
2945.0 -1992.0 -3542.0
3135.0 -2430.0 -3445.0
2997.0 -2195.0 -3505.0
3037.0 -2425.0 -3525.0
2950.0 -2272.0 -3542.0
2842.0 -1997.0 -3547.0
2827.0 -1992.0 -3532.0
2802.0 -2002.0 -3525.0
2752.0 -1940.0 -3547.0
2800.0 -1907.0 -3537.0
2802.0 -1915.0 -3525.0
2790.0 -1977.0 -3547.0
2747.0 -1887.0 -3542.0
2790.0 -1845.0 -3552.0
2780.0 -1867.0 -3537.0
2847.0 -1865.0 -3520.0
2875.0 -1915.0 -3562.0
2907.0 -1925.0 -3570.0
2817.0 -1860.0 -3585.0
2785.0 -1727.0 -3595.0
2765.0 -1765.0 -3547.0
2842.0 -1760.0 -3552.0
2832.0 -1765.0 -3565.0
2755.0 -1745.0 -3547.0
1147.0 -520.0 -3150.0
1010.0 -582.0 -3152.0
1755.0 -730.0 -3782.0
1860.0 -715.0 -3782.0
3530.0 -1522.0 -3537.0
3430.0 -1655.0 -3505.0
3387.0 -1755.0 -3557.0
3392.0 -1770.0 -3565.0
3477.0 -1712.0 -3607.0
3535.0 -1617.0 -3565.0
3562.0 -1575.0 -3617.0
3492.0 -1442.0 -3600.0
3450.0 -1365.0 -3600.0
3410.0 -1402.0 -3595.0
3450.0 -1395.0 -3670.0
3402.0 -1355.0 -3632.0
3360.0 -1327.0 -3627.0
3430.0 -1395.0 -3670.0
3127.0 -1242.0 -3500.0
2580.0 -1047.0 -3187.0
2532.0 -1180.0 -3225.0
2425.0 -1352.0 -3237.0
2490.0 -1347.0 -3225.0
2585.0 -1460.0 -3262.0
2537.0 -1390.0 -3262.0
2547.0 -1317.0 -3242.0
2532.0 -1342.0 -3227.0
2617.0 -1412.0 -3275.0
2680.0 -1360.0 -3242.0
2675.0 -1365.0 -3225.0
2622.0 -1370.0 -3262.0
2610.0 -1395.0 -3270.0
2617.0 -1412.0 -3290.0
2627.0 -1412.0 -3247.0
2657.0 -1407.0 -3242.0
2632.0 -1427.0 -3290.0
2562.0 -1412.0 -3205.0
2575.0 -1450.0 -3285.0
2705.0 -1507.0 -3285.0
2662.0 -1485.0 -3307.0
2622.0 -1507.0 -3285.0
2632.0 -1507.0 -3242.0
2800.0 -1400.0 -3302.0
2880.0 -1195.0 -3337.0
2807.0 -1337.0 -3285.0
2842.0 -1360.0 -3312.0
2847.0 -1322.0 -3332.0
2827.0 -1342.0 -3355.0
2847.0 -1312.0 -3365.0
2812.0 -1252.0 -3322.0
2020.0 -530.0 -3477.0
2310.0 -435.0 -3490.0
1850.0 -335.0 -3750.0
1782.0 -492.0 -3777.0
2980.0 -687.0 -3435.0
3102.0 -787.0 -3365.0
3197.0 -882.0 -3210.0
3187.0 -820.0 -3257.0
3212.0 -620.0 -3257.0
3292.0 -645.0 -3285.0
3240.0 -645.0 -3270.0
3277.0 -715.0 -3327.0
3455.0 -640.0 -3370.0
3392.0 -657.0 -3495.0
3457.0 -657.0 -3472.0
3505.0 -630.0 -3415.0
3472.0 -620.0 -3407.0
3567.0 -635.0 -3435.0
3662.0 -692.0 -3495.0
3672.0 -730.0 -3520.0
3582.0 -697.0 -3505.0
3630.0 -730.0 -3482.0
3700.0 -730.0 -3500.0
3690.0 -735.0 -3467.0
3690.0 -700.0 -3472.0
3640.0 -657.0 -3490.0
3647.0 -757.0 -3520.0
3610.0 -697.0 -3520.0
3667.0 -697.0 -3520.0
3730.0 -705.0 -3495.0
3705.0 -740.0 -3565.0
3735.0 -720.0 -3552.0
3805.0 -757.0 -3532.0
3752.0 -777.0 -3562.0
3790.0 -762.0 -3585.0
3730.0 -720.0 -3520.0
3757.0 -700.0 -3562.0
3742.0 -745.0 -3612.0
3790.0 -710.0 -3595.0
3795.0 -692.0 -3612.0
3710.0 -697.0 -3612.0
3747.0 -747.0 -3575.0
3730.0 -687.0 -3552.0
3720.0 -710.0 -3617.0
3762.0 -752.0 -3580.0
3747.0 -815.0 -3595.0
3725.0 -835.0 -3645.0
3682.0 -710.0 -3600.0
3667.0 -730.0 -3602.0
3682.0 -740.0 -3590.0
2662.0 -70.0 -3467.0
2760.0 -22.0 -3415.0
2605.0 -27.0 -3440.0
2542.0 -55.0 -3412.0
2615.0 -45.0 -3402.0
1465.0 -97.0 -3445.0
1740.0 -2.0 -3562.0
1977.0 -2.0 -3600.0
1987.0 -60.0 -3645.0
2055.0 -7.0 -3645.0
2030.0 -70.0 -3707.0
2405.0 -50.0 -4007.0
2372.0 -60.0 -3977.0
2347.0 -250.0 -4115.0
2347.0 -132.0 -4062.0
2430.0 -2.0 -3960.0
2505.0 -17.0 -3945.0
2522.0 -22.0 -3950.0
2785.0 -2.0 -3852.0
2902.0 -132.0 -3752.0
3355.0 -582.0 -3397.0
3307.0 -477.0 -3462.0
3515.0 -545.0 -3487.0
3430.0 -530.0 -3425.0
3430.0 -540.0 -3435.0
3572.0 -577.0 -3415.0
3582.0 -625.0 -3392.0
3550.0 -602.0 -3450.0
3530.0 -577.0 -3440.0
3640.0 -640.0 -3452.0
3752.0 -657.0 -3542.0
3782.0 -435.0 -3557.0
3552.0 -155.0 -3575.0
3535.0 -207.0 -3602.0
3630.0 -280.0 -3637.0
3597.0 -255.0 -3570.0
3620.0 -282.0 -3622.0
3600.0 -235.0 -3612.0
3577.0 -260.0 -3590.0
3615.0 -292.0 -3600.0
3557.0 -222.0 -3602.0
3635.0 -275.0 -3655.0
3645.0 -302.0 -3607.0
3640.0 -235.0 -3565.0
3652.0 -245.0 -3617.0
3572.0 -192.0 -3612.0
3620.0 -282.0 -3660.0
3647.0 -287.0 -3637.0
3662.0 -307.0 -3632.0
3682.0 -302.0 -3682.0
